   1.9450000e+01   4.0350000e+01   2.0150000e+03   1.2000000e+01   2.8000000e+01   2.7000000e+00   1.3000000e+01   1.3000000e+01   4.4000000e+01   7.5000000e+00
   1.3240000e+01   4.2860000e+01   2.0150000e+03   1.2000000e+01   2.8000000e+01   2.5000000e+00   1.4000000e+01   1.9000000e+01   2.1000000e+01   5.4300000e+01
   1.2790000e+01   4.2300000e+01   2.0150000e+03   1.2000000e+01   2.8000000e+01   3.1000000e+00   9.0000000e+00   2.1000000e+01   9.0000000e+00   4.1600000e+01
   1.8860000e+01   4.2650000e+01   2.0150000e+03   1.2000000e+01   2.9000000e+01   2.2000000e+00   1.5000000e+01   7.0000000e+00   3.3000000e+01   3.2000000e+00
   1.2850000e+01   4.7630000e+01   2.0150000e+03   1.2000000e+01   2.9000000e+01   2.2000000e+00  -0.0000000e+00   2.0000000e+01   5.4000000e+01   1.5400000e+01
   2.0240000e+01   4.1450000e+01   2.0150000e+03   1.2000000e+01   3.0000000e+01   2.0000000e+00   8.0000000e+00   1.0000000e+00   1.3000000e+01   4.2800000e+01
   1.7090000e+01   4.3120000e+01   2.0150000e+03   1.2000000e+01   3.0000000e+01   2.9000000e+00  -0.0000000e+00   4.0000000e+00   5.9000000e+01   5.0000000e+00
   6.7600000e+00   4.4760000e+01   2.0150000e+03   1.2000000e+01   3.1000000e+01   3.6000000e+00   1.0000000e+00   2.0000000e+01   4.2000000e+01   2.0000000e+00
   1.5440000e+01   3.7770000e+01   2.0160000e+03   1.0000000e+00   1.0000000e+00   2.8000000e+00   8.0000000e+00   1.0000000e+00   4.8000000e+01   3.4700000e+01
   1.3580000e+01   4.2260000e+01   2.0160000e+03   1.0000000e+00   1.0000000e+00   2.9000000e+00   1.0000000e+01   6.0000000e+00   2.1000000e+01   3.8800000e+01
   1.3420000e+01   4.3100000e+01   2.0160000e+03   1.0000000e+00   1.0000000e+00   2.3000000e+00   2.6000000e+01   2.0000000e+01   5.7000000e+01   2.0900000e+01
   1.3440000e+01   4.3080000e+01   2.0160000e+03   1.0000000e+00   1.0000000e+00   2.0000000e+00   2.3000000e+01   2.1000000e+01   2.2000000e+01   1.4300000e+01
   8.0000000e+00   4.6530000e+01   2.0160000e+03   1.0000000e+00   2.0000000e+00   3.2000000e+00   9.0000000e+00   1.0000000e+01   4.2000000e+01   4.4600000e+01
   1.4140000e+01   3.8650000e+01   2.0160000e+03   1.0000000e+00   3.0000000e+00   2.6000000e+00   3.2000000e+01   0.0000000e+00   5.3000000e+01   5.4000000e+01
   1.0370000e+01   4.7240000e+01   2.0160000e+03   1.0000000e+00   3.0000000e+00   2.0000000e+00   2.0000000e+00   2.0000000e+00   2.1000000e+01   5.6000000e+00
   1.4160000e+01   3.8680000e+01   2.0160000e+03   1.0000000e+00   3.0000000e+00   2.3000000e+00   1.9000000e+01   7.0000000e+00   4.4000000e+01   1.0800000e+01
   1.3360000e+01   4.2190000e+01   2.0160000e+03   1.0000000e+00   3.0000000e+00   2.1000000e+00   9.0000000e+00   1.0000000e+01   3.3000000e+01   1.0300000e+01
   1.7040000e+01   3.9610000e+01   2.0160000e+03   1.0000000e+00   3.0000000e+00   2.1000000e+00   2.5000000e+01   1.0000000e+01   4.2000000e+01   5.4800000e+01
   1.1910000e+01   4.3990000e+01   2.0160000e+03   1.0000000e+00   3.0000000e+00   2.7000000e+00   2.2000000e+01   1.5000000e+01   5.1000000e+01   1.3100000e+01
   1.0580000e+01   4.6430000e+01   2.0160000e+03   1.0000000e+00   3.0000000e+00   2.0000000e+00   7.0000000e+00   1.7000000e+01   3.8000000e+01   2.6800000e+01
   1.6720000e+01   4.3960000e+01   2.0160000e+03   1.0000000e+00   4.0000000e+00   2.5000000e+00   8.0000000e+00   0.0000000e+00   2.5000000e+01   4.6000000e+01
   1.9390000e+01   4.0650000e+01   2.0160000e+03   1.0000000e+00   4.0000000e+00   2.5000000e+00   2.8000000e+01   7.0000000e+00   8.0000000e+00   3.5000000e+01
   7.7000000e+00   4.6370000e+01   2.0160000e+03   1.0000000e+00   4.0000000e+00   2.2000000e+00  -0.0000000e+00   1.0000000e+01   5.1000000e+01   1.4300000e+01
   1.8230000e+01   4.3030000e+01   2.0160000e+03   1.0000000e+00   4.0000000e+00   2.6000000e+00   8.0000000e+00   1.4000000e+01   4.5000000e+01   7.0000000e+00
   6.6800000e+00   4.4440000e+01   2.0160000e+03   1.0000000e+00   6.0000000e+00   2.6000000e+00  -0.0000000e+00   3.0000000e+00   3.0000000e+00   5.5700000e+01
   1.7480000e+01   4.3630000e+01   2.0160000e+03   1.0000000e+00   6.0000000e+00   2.1000000e+00   5.0000000e+00   3.0000000e+00   5.9000000e+01   3.5000000e+01
   1.1890000e+01   4.3990000e+01   2.0160000e+03   1.0000000e+00   6.0000000e+00   3.0000000e+00   2.7000000e+01   1.5000000e+01   2.0000000e+01   2.1100000e+01
   1.7730000e+01   4.3530000e+01   2.0160000e+03   1.0000000e+00   7.0000000e+00   2.6000000e+00   1.0000000e+01   2.0000000e+00   3.8000000e+01   2.7300000e+01
   6.4700000e+00   4.5180000e+01   2.0160000e+03   1.0000000e+00   7.0000000e+00   2.1000000e+00   1.0000000e+00   5.0000000e+00   4.1000000e+01   2.3600000e+01
   1.2710000e+01   4.3440000e+01   2.0160000e+03   1.0000000e+00   8.0000000e+00   2.9000000e+00   1.0000000e+01   6.0000000e+00   2.7000000e+01   1.7700000e+01
   1.8530000e+01   4.2940000e+01   2.0160000e+03   1.0000000e+00   8.0000000e+00   4.5000000e+00   1.5000000e+01   1.3000000e+01   7.0000000e+00   4.1900000e+01
   1.9040000e+01   4.3770000e+01   2.0160000e+03   1.0000000e+00   8.0000000e+00   3.0000000e+00   3.0000000e+00   2.0000000e+01   5.2000000e+01   3.3000000e+01
   1.9350000e+01   4.0280000e+01   2.0160000e+03   1.0000000e+00   9.0000000e+00   2.8000000e+00   2.0000000e+00   5.0000000e+00   2.0000000e+00   3.9000000e+00
   1.5620000e+01   4.0520000e+01   2.0160000e+03   1.0000000e+00   9.0000000e+00   3.0000000e+00   1.0000000e+01   1.0000000e+01   2.8000000e+01   5.6400000e+01
   1.3790000e+01   4.7640000e+01   2.0160000e+03   1.0000000e+00   9.0000000e+00   3.0000000e+00   2.0000000e+00   1.7000000e+01   4.0000000e+00   1.4100000e+01
   1.7320000e+01   4.3980000e+01   2.0160000e+03   1.0000000e+00   1.0000000e+01   2.3000000e+00   2.0000000e+00   1.6000000e+01   1.8000000e+01   4.0000000e+00
   1.8580000e+01   4.3750000e+01   2.0160000e+03   1.0000000e+00   1.1000000e+01   2.5000000e+00   3.0000000e+00   1.2000000e+01   3.3000000e+01   4.3000000e+01
   1.1650000e+01   4.3910000e+01   2.0160000e+03   1.0000000e+00   1.1000000e+01   2.6000000e+00   8.0000000e+00   2.1000000e+01   3.8000000e+01   2.7300000e+01
   1.9310000e+01   4.0300000e+01   2.0160000e+03   1.0000000e+00   1.1000000e+01   2.7000000e+00   2.3000000e+01   2.3000000e+01   2.4000000e+01   2.8100000e+01
   1.9360000e+01   4.0290000e+01   2.0160000e+03   1.0000000e+00   1.2000000e+01   2.4000000e+00   1.0000000e+01   2.0000000e+00   5.7000000e+01   3.0000000e+00
   1.6470000e+01   3.7740000e+01   2.0160000e+03   1.0000000e+00   1.2000000e+01   2.5000000e+00   3.0000000e+01   5.0000000e+00   2.4000000e+01   2.8000000e+01
   2.0820000e+01   4.3370000e+01   2.0160000e+03   1.0000000e+00   1.2000000e+01   3.3000000e+00   2.0000000e+00   2.2000000e+01   1.1000000e+01   5.3300000e+01
   1.4620000e+01   4.1500000e+01   2.0160000e+03   1.0000000e+00   1.3000000e+01   2.1000000e+00   1.1000000e+01   1.7000000e+01   1.6000000e+01   2.5900000e+01
   1.1040000e+01   4.3200000e+01   2.0160000e+03   1.0000000e+00   1.4000000e+01   2.8000000e+00   8.0000000e+00   3.0000000e+00   4.1000000e+01   4.0000000e+00
   1.9330000e+01   4.0330000e+01   2.0160000e+03   1.0000000e+00   1.5000000e+01   3.1000000e+00   5.0000000e+00   1.0000000e+00   0.0000000e+00   3.2900000e+01
   1.4610000e+01   4.1520000e+01   2.0160000e+03   1.0000000e+00   1.5000000e+01   2.5000000e+00   1.0000000e+01   8.0000000e+00   2.0000000e+01   1.4700000e+01
   1.7930000e+01   4.4210000e+01   2.0160000e+03   1.0000000e+00   1.5000000e+01   2.4000000e+00   4.0000000e+00   1.0000000e+01   3.8000000e+01   3.0000000e+00
   1.9290000e+01   4.0310000e+01   2.0160000e+03   1.0000000e+00   1.5000000e+01   2.3000000e+00   1.2000000e+01   2.0000000e+01   2.1000000e+01   1.8600000e+01
   1.9350000e+01   4.0310000e+01   2.0160000e+03   1.0000000e+00   1.5000000e+01   3.5000000e+00   2.0000000e+00   2.0000000e+01   3.9000000e+01   1.0200000e+01
   1.1410000e+01   4.7170000e+01   2.0160000e+03   1.0000000e+00   1.5000000e+01   2.7000000e+00   1.0000000e+01   2.0000000e+01   4.3000000e+01   8.3000000e+00
   2.0270000e+01   4.1800000e+01   2.0160000e+03   1.0000000e+00   1.6000000e+01   2.2000000e+00   1.0000000e+01   1.0000000e+00   9.0000000e+00   5.3600000e+01
   1.4590000e+01   4.1530000e+01   2.0160000e+03   1.0000000e+00   1.6000000e+01   2.9000000e+00   1.0000000e+01   1.3000000e+01   1.2000000e+01   5.4600000e+01
   1.4600000e+01   4.1530000e+01   2.0160000e+03   1.0000000e+00   1.6000000e+01   4.1000000e+00   1.0000000e+01   1.8000000e+01   5.5000000e+01   1.1900000e+01
   1.4590000e+01   4.1510000e+01   2.0160000e+03   1.0000000e+00   1.6000000e+01   3.4000000e+00   1.0000000e+01   2.0000000e+01   0.0000000e+00   4.6100000e+01
   1.5680000e+01   4.1710000e+01   2.0160000e+03   1.0000000e+00   1.6000000e+01   2.7000000e+00   2.2000000e+01   2.0000000e+01   6.0000000e+00   8.1000000e+00
   1.4610000e+01   4.1540000e+01   2.0160000e+03   1.0000000e+00   1.6000000e+01   2.5000000e+00   1.1000000e+01   2.0000000e+01   2.2000000e+01   2.1300000e+01
   1.4610000e+01   4.1520000e+01   2.0160000e+03   1.0000000e+00   1.6000000e+01   2.9000000e+00   9.0000000e+00   2.0000000e+01   2.7000000e+01   1.7400000e+01
   1.9350000e+01   4.0320000e+01   2.0160000e+03   1.0000000e+00   1.7000000e+01   2.3000000e+00   3.0000000e+00   0.0000000e+00   2.1000000e+01   5.4400000e+01
   1.4580000e+01   4.1510000e+01   2.0160000e+03   1.0000000e+00   1.7000000e+01   3.3000000e+00   1.0000000e+01   0.0000000e+00   2.8000000e+01   3.6500000e+01
   1.9410000e+01   4.0280000e+01   2.0160000e+03   1.0000000e+00   1.7000000e+01   2.8000000e+00   2.0000000e+00   2.0000000e+00   3.3000000e+01   1.0000000e-01
   1.4590000e+01   4.1520000e+01   2.0160000e+03   1.0000000e+00   1.7000000e+01   2.7000000e+00   1.0000000e+01   5.0000000e+00   3.7000000e+01   0.0000000e+00
   1.4580000e+01   4.1500000e+01   2.0160000e+03   1.0000000e+00   1.7000000e+01   2.8000000e+00   1.0000000e+01   1.3000000e+01   4.2000000e+01   1.2800000e+01
   1.4620000e+01   4.1530000e+01   2.0160000e+03   1.0000000e+00   1.7000000e+01   2.5000000e+00   1.0000000e+01   1.4000000e+01   4.7000000e+01   5.0600000e+01
   1.4600000e+01   4.1510000e+01   2.0160000e+03   1.0000000e+00   1.7000000e+01   3.3000000e+00   1.0000000e+01   1.8000000e+01   5.3000000e+01   5.0000000e+00
   1.4610000e+01   4.1530000e+01   2.0160000e+03   1.0000000e+00   1.7000000e+01   3.6000000e+00   1.1000000e+01   2.2000000e+01   9.0000000e+00   2.3600000e+01
   1.9980000e+01   4.0930000e+01   2.0160000e+03   1.0000000e+00   1.8000000e+01   2.7000000e+00   1.0000000e+01   1.0000000e+00   3.5000000e+01   5.5300000e+01
   2.0190000e+01   4.2020000e+01   2.0160000e+03   1.0000000e+00   1.8000000e+01   2.9000000e+00   7.0000000e+00   6.0000000e+00   2.1000000e+01   7.7000000e+00
   1.3310000e+01   4.2500000e+01   2.0160000e+03   1.0000000e+00   1.8000000e+01   3.4000000e+00   1.5000000e+01   1.0000000e+01   3.7000000e+01   1.6400000e+01
   1.3330000e+01   4.3190000e+01   2.0160000e+03   1.0000000e+00   1.8000000e+01   2.0000000e+00   2.5000000e+01   1.4000000e+01   4.7000000e+01   4.3800000e+01
   6.5200000e+00   4.5020000e+01   2.0160000e+03   1.0000000e+00   1.8000000e+01   2.6000000e+00   2.0000000e+00   1.7000000e+01   2.9000000e+01   3.5300000e+01
   1.4600000e+01   4.1540000e+01   2.0160000e+03   1.0000000e+00   1.9000000e+01   2.9000000e+00   1.0000000e+01   0.0000000e+00   5.5000000e+01   1.9400000e+01
   1.3310000e+01   4.2490000e+01   2.0160000e+03   1.0000000e+00   1.9000000e+01   2.1000000e+00   1.6000000e+01   9.0000000e+00   5.8000000e+01   1.1400000e+01
   1.4620000e+01   4.1520000e+01   2.0160000e+03   1.0000000e+00   1.9000000e+01   2.8000000e+00   9.0000000e+00   1.5000000e+01   7.0000000e+00   2.8000000e+01
   6.1400000e+00   4.2810000e+01   2.0160000e+03   1.0000000e+00   2.0000000e+01   2.7000000e+00   2.0000000e+00   8.0000000e+00   2.0000000e+00   3.3600000e+01
   1.7950000e+01   4.3200000e+01   2.0160000e+03   1.0000000e+00   2.0000000e+01   3.5000000e+00   2.8000000e+01   1.6000000e+01   3.9000000e+01   3.7000000e+01
   1.4610000e+01   4.1530000e+01   2.0160000e+03   1.0000000e+00   2.0000000e+01   2.5000000e+00   1.0000000e+01   1.7000000e+01   5.6000000e+01   2.2200000e+01
   1.9310000e+01   4.0360000e+01   2.0160000e+03   1.0000000e+00   2.1000000e+01   2.3000000e+00   1.4000000e+01   1.0000000e+01   1.8000000e+01   3.9200000e+01
   1.3980000e+01   3.7700000e+01   2.0160000e+03   1.0000000e+00   2.1000000e+01   2.6000000e+00   8.0000000e+00   1.3000000e+01   4.7000000e+01   3.4600000e+01
   1.3880000e+01   3.7680000e+01   2.0160000e+03   1.0000000e+00   2.2000000e+01   2.1000000e+00   1.0000000e+01   9.0000000e+00   3.3000000e+01   4.7300000e+01
   2.0740000e+01   4.1920000e+01   2.0160000e+03   1.0000000e+00   2.2000000e+01   2.0000000e+00   5.0000000e+00   2.2000000e+01   6.0000000e+00   3.7000000e+00
   1.3850000e+01   3.7720000e+01   2.0160000e+03   1.0000000e+00   2.3000000e+01   2.1000000e+00   3.5000000e+01   0.0000000e+00   1.8000000e+01   1.6500000e+01
   1.3840000e+01   3.7760000e+01   2.0160000e+03   1.0000000e+00   2.3000000e+01   2.1000000e+00   3.6000000e+01   0.0000000e+00   4.7000000e+01   4.4700000e+01
   1.3780000e+01   3.7700000e+01   2.0160000e+03   1.0000000e+00   2.3000000e+01   2.8000000e+00   3.5000000e+01   0.0000000e+00   4.9000000e+01   3.3900000e+01
   1.2840000e+01   4.6350000e+01   2.0160000e+03   1.0000000e+00   2.3000000e+01   2.3000000e+00   8.0000000e+00   2.0000000e+00   2.3000000e+01   5.5000000e+00
   1.9010000e+01   4.2350000e+01   2.0160000e+03   1.0000000e+00   2.3000000e+01   3.1000000e+00   5.0000000e+00   2.0000000e+00   4.6000000e+01   4.9500000e+01
   1.2600000e+01   4.3230000e+01   2.0160000e+03   1.0000000e+00   2.3000000e+01   2.7000000e+00   1.0000000e+01   1.2000000e+01   2.0000000e+01   2.0000000e+00
   1.9840000e+01   4.1390000e+01   2.0160000e+03   1.0000000e+00   2.3000000e+01   2.6000000e+00   3.0000000e+00   2.3000000e+01   1.2000000e+01   5.7100000e+01
   1.6580000e+01   3.8300000e+01   2.0160000e+03   1.0000000e+00   2.4000000e+01   2.3000000e+00   3.7000000e+01   0.0000000e+00   5.1000000e+01   4.4600000e+01
   1.2610000e+01   4.3240000e+01   2.0160000e+03   1.0000000e+00   2.4000000e+01   2.5000000e+00   9.0000000e+00   8.0000000e+00   0.0000000e+00   1.7500000e+01
   1.2850000e+01   4.6350000e+01   2.0160000e+03   1.0000000e+00   2.4000000e+01   2.0000000e+00   5.0000000e+00   1.1000000e+01   0.0000000e+00   2.6000000e+01
   1.4990000e+01   4.5970000e+01   2.0160000e+03   1.0000000e+00   2.5000000e+01   2.9000000e+00   1.0000000e+01   2.0000000e+01   1.7000000e+01   2.9200000e+01
   6.1600000e+00   4.4150000e+01   2.0160000e+03   1.0000000e+00   2.6000000e+01   2.3000000e+00   2.0000000e+00   2.0000000e+01   2.0000000e+00   4.1000000e+00
   1.2690000e+01   4.3090000e+01   2.0160000e+03   1.0000000e+00   2.8000000e+01   2.4000000e+00   8.0000000e+00   1.5000000e+01   5.3000000e+01   3.1400000e+01
   1.6460000e+01   3.8860000e+01   2.0160000e+03   1.0000000e+00   2.8000000e+01   2.5000000e+00   8.0000000e+00   1.8000000e+01   5.4000000e+01   4.1300000e+01
   1.2850000e+01   4.2540000e+01   2.0160000e+03   1.0000000e+00   2.8000000e+01   2.6000000e+00   8.0000000e+00   2.0000000e+01   9.0000000e+00   4.3100000e+01
   1.5750000e+01   3.7540000e+01   2.0160000e+03   1.0000000e+00   3.0000000e+01   2.6000000e+00   3.2000000e+01   1.7000000e+01   2.5000000e+01   1.5100000e+01
   1.8430000e+01   4.2560000e+01   2.0160000e+03   1.0000000e+00   3.0000000e+01   3.4000000e+00  -0.0000000e+00   2.1000000e+01   4.7000000e+01   5.5700000e+01
   1.0090000e+01   4.7120000e+01   2.0160000e+03   1.0000000e+00   3.1000000e+01   3.5000000e+00   1.0000000e+00   2.2000000e+01   4.3000000e+01   5.8900000e+01
   1.9460000e+01   4.0320000e+01   2.0160000e+03   2.0000000e+00   1.0000000e+00   2.9000000e+00   8.0000000e+00   8.0000000e+00   3.9000000e+01   4.7000000e+01
   1.3360000e+01   4.2480000e+01   2.0160000e+03   2.0000000e+00   1.0000000e+00   2.9000000e+00   1.1000000e+01   9.0000000e+00   1.1000000e+01   4.8300000e+01
   1.7700000e+01   4.3400000e+01   2.0160000e+03   2.0000000e+00   1.0000000e+00   2.5000000e+00   2.0000000e+00   1.7000000e+01   5.1000000e+01   3.2300000e+01
   1.7410000e+01   4.3980000e+01   2.0160000e+03   2.0000000e+00   2.0000000e+00   2.4000000e+00   2.0000000e+00   0.0000000e+00   2.2000000e+01   5.6900000e+01
   1.6620000e+01   4.4970000e+01   2.0160000e+03   2.0000000e+00   2.0000000e+00   2.2000000e+00   2.0000000e+00   1.0000000e+00   8.0000000e+00   3.6000000e+01
   1.8240000e+01   4.5660000e+01   2.0160000e+03   2.0000000e+00   2.0000000e+00   3.1000000e+00   5.0000000e+00   1.3000000e+01   2.5000000e+01   5.4000000e+00
   1.9120000e+01   4.4010000e+01   2.0160000e+03   2.0000000e+00   3.0000000e+00   2.1000000e+00   3.0000000e+00   2.0000000e+00   5.1000000e+01   5.0000000e+00
   1.0740000e+01   4.5760000e+01   2.0160000e+03   2.0000000e+00   3.0000000e+00   3.0000000e+00   1.3000000e+01   2.1000000e+01   3.7000000e+01   3.9100000e+01
   1.3590000e+01   4.2260000e+01   2.0160000e+03   2.0000000e+00   3.0000000e+00   3.2000000e+00   9.0000000e+00   2.2000000e+01   4.1000000e+01   2.5000000e+00
   1.0620000e+01   4.5870000e+01   2.0160000e+03   2.0000000e+00   3.0000000e+00   2.0000000e+00   1.3000000e+01   2.2000000e+01   5.9000000e+01   8.1000000e+00
   1.4970000e+01   3.7810000e+01   2.0160000e+03   2.0000000e+00   5.0000000e+00   2.2000000e+00   2.8000000e+01   5.0000000e+00   4.3000000e+01   5.8200000e+01
   1.2730000e+01   4.2880000e+01   2.0160000e+03   2.0000000e+00   5.0000000e+00   2.7000000e+00   9.0000000e+00   1.3000000e+01   4.6000000e+01   2.6400000e+01
   1.2740000e+01   4.2880000e+01   2.0160000e+03   2.0000000e+00   5.0000000e+00   2.5000000e+00   8.0000000e+00   1.8000000e+01   1.7000000e+01   3.0300000e+01
   1.9780000e+01   4.0640000e+01   2.0160000e+03   2.0000000e+00   6.0000000e+00   2.7000000e+00   2.0000000e+00   1.0000000e+00   3.8000000e+01   3.0000000e+01
   1.9770000e+01   4.0620000e+01   2.0160000e+03   2.0000000e+00   6.0000000e+00   2.7000000e+00   1.0000000e+01   1.0000000e+00   3.8000000e+01   3.0400000e+01
   1.0080000e+01   4.7100000e+01   2.0160000e+03   2.0000000e+00   6.0000000e+00   2.3000000e+00   7.0000000e+00   1.5000000e+01   3.8000000e+01   1.0000000e-01
   1.9980000e+01   4.1690000e+01   2.0160000e+03   2.0000000e+00   6.0000000e+00   2.5000000e+00   5.0000000e+00   2.0000000e+01   1.3000000e+01   1.1800000e+01
   1.3000000e+01   4.3100000e+01   2.0160000e+03   2.0000000e+00   6.0000000e+00   2.5000000e+00   1.0000000e+01   2.3000000e+01   5.0000000e+00   9.7000000e+00
   1.5880000e+01   3.8240000e+01   2.0160000e+03   2.0000000e+00   7.0000000e+00   2.6000000e+00   1.6000000e+01   2.2000000e+01   2.0000000e+01   1.2600000e+01
   1.3080000e+01   4.2840000e+01   2.0160000e+03   2.0000000e+00   8.0000000e+00   2.0000000e+00   1.1000000e+01   8.0000000e+00   9.0000000e+00   5.6200000e+01
   1.1920000e+01   4.4020000e+01   2.0160000e+03   2.0000000e+00   8.0000000e+00   2.7000000e+00   1.2000000e+01   1.1000000e+01   2.3000000e+01   5.6100000e+01
   1.1930000e+01   4.4000000e+01   2.0160000e+03   2.0000000e+00   8.0000000e+00   2.0000000e+00   2.6000000e+01   1.1000000e+01   5.1000000e+01   3.0300000e+01
   1.3300000e+01   4.2930000e+01   2.0160000e+03   2.0000000e+00   8.0000000e+00   2.5000000e+00   7.0000000e+00   1.4000000e+01   2.7000000e+01   5.3100000e+01
   2.0590000e+01   4.3610000e+01   2.0160000e+03   2.0000000e+00   1.0000000e+01   2.5000000e+00   5.0000000e+00   2.0000000e+00   5.0000000e+00   2.3700000e+01
   1.5380000e+01   3.7800000e+01   2.0160000e+03   2.0000000e+00   1.1000000e+01   3.3000000e+00   8.0000000e+00   1.0000000e+00   3.8000000e+01   5.1400000e+01
   1.0210000e+01   4.4200000e+01   2.0160000e+03   2.0000000e+00   1.1000000e+01   2.8000000e+00   1.1000000e+01   1.5000000e+01   1.8000000e+01   6.2000000e+00
   1.6680000e+01   4.4120000e+01   2.0160000e+03   2.0000000e+00   1.2000000e+01   3.9000000e+00   2.0000000e+00   7.0000000e+00   8.0000000e+00   1.6600000e+01
   7.7900000e+00   4.6690000e+01   2.0160000e+03   2.0000000e+00   1.2000000e+01   2.1000000e+00   3.2000000e+01   1.3000000e+01   2.6000000e+01   2.5600000e+01
   6.6300000e+00   4.4950000e+01   2.0160000e+03   2.0000000e+00   1.2000000e+01   2.7000000e+00   2.0000000e+00   2.2000000e+01   5.0000000e+01   4.4400000e+01
   1.5800000e+01   4.0650000e+01   2.0160000e+03   2.0000000e+00   1.3000000e+01   2.5000000e+00   1.0000000e+01   7.0000000e+00   2.7000000e+01   3.8500000e+01
   1.3910000e+01   3.8780000e+01   2.0160000e+03   2.0000000e+00   1.3000000e+01   3.0000000e+00   3.1000000e+01   1.6000000e+01   2.6000000e+01   3.9000000e+00
   1.1000000e+01   4.4210000e+01   2.0160000e+03   2.0000000e+00   1.4000000e+01   2.3000000e+00   3.0000000e+01   2.0000000e+00   4.6000000e+01   1.1400000e+01
   1.3440000e+01   4.2550000e+01   2.0160000e+03   2.0000000e+00   1.4000000e+01   2.6000000e+00   1.7000000e+01   9.0000000e+00   5.9000000e+01   1.9000000e+01
   1.7420000e+01   4.3050000e+01   2.0160000e+03   2.0000000e+00   1.4000000e+01   4.6000000e+00   1.0000000e+01   1.4000000e+01   5.1000000e+01   3.0000000e+01
   9.7900000e+00   4.6830000e+01   2.0160000e+03   2.0000000e+00   1.6000000e+01   2.0000000e+00   2.6000000e+01   1.4000000e+01   4.2000000e+01   1.9500000e+01
   1.9410000e+01   4.0390000e+01   2.0160000e+03   2.0000000e+00   1.7000000e+01   2.6000000e+00   2.0000000e+01   1.6000000e+01   2.6000000e+01   3.1000000e+00
   1.0090000e+01   4.7120000e+01   2.0160000e+03   2.0000000e+00   1.7000000e+01   2.9000000e+00   2.0000000e+00   2.0000000e+01   1.7000000e+01   4.5000000e+00
   1.5950000e+01   3.8420000e+01   2.0160000e+03   2.0000000e+00   1.8000000e+01   2.0000000e+00   5.0000000e+01   1.0000000e+00   2.9000000e+01   3.3300000e+01
   1.3270000e+01   4.2740000e+01   2.0160000e+03   2.0000000e+00   1.8000000e+01   2.1000000e+00   1.0000000e+01   1.0000000e+00   5.5000000e+01   5.9500000e+01
   1.9450000e+01   4.0310000e+01   2.0160000e+03   2.0000000e+00   1.8000000e+01   3.0000000e+00   2.0000000e+00   3.0000000e+00   9.0000000e+00   6.9000000e+00
   1.9270000e+01   4.0310000e+01   2.0160000e+03   2.0000000e+00   1.8000000e+01   2.6000000e+00   1.2000000e+01   1.5000000e+01   4.3000000e+01   5.3700000e+01
   1.4220000e+01   4.1580000e+01   2.0160000e+03   2.0000000e+00   1.8000000e+01   2.1000000e+00   9.0000000e+00   1.8000000e+01   3.2000000e+01   2.0200000e+01
   6.7700000e+00   4.4470000e+01   2.0160000e+03   2.0000000e+00   1.8000000e+01   2.5000000e+00   6.0000000e+00   1.9000000e+01   3.0000000e+00   7.0000000e-01
   1.4310000e+01   4.1620000e+01   2.0160000e+03   2.0000000e+00   1.9000000e+01   2.3000000e+00   1.1000000e+01   8.0000000e+00   2.2000000e+01   4.7000000e+00
   1.4310000e+01   4.1620000e+01   2.0160000e+03   2.0000000e+00   1.9000000e+01   2.6000000e+00   1.1000000e+01   1.0000000e+01   3.7000000e+01   2.9900000e+01
   2.0130000e+01   4.1830000e+01   2.0160000e+03   2.0000000e+00   2.1000000e+01   2.1000000e+00   1.8000000e+01   0.0000000e+00   5.7000000e+01   1.3700000e+01
   1.9840000e+01   4.3790000e+01   2.0160000e+03   2.0000000e+00   2.1000000e+01   2.9000000e+00   2.0000000e+00   1.4000000e+01   3.2000000e+01   3.6400000e+01
   1.9370000e+01   4.0320000e+01   2.0160000e+03   2.0000000e+00   2.1000000e+01   2.2000000e+00   2.0000000e+01   2.3000000e+01   4.7000000e+01   2.2800000e+01
   1.3290000e+01   4.2450000e+01   2.0160000e+03   2.0000000e+00   2.2000000e+01   2.0000000e+00   1.1000000e+01   1.5000000e+01   2.8000000e+01   5.4800000e+01
   2.0200000e+01   4.1290000e+01   2.0160000e+03   2.0000000e+00   2.2000000e+01   2.5000000e+00   2.0000000e+00   2.2000000e+01   2.3000000e+01   2.4800000e+01
   1.9100000e+01   4.0130000e+01   2.0160000e+03   2.0000000e+00   2.3000000e+01   2.5000000e+00   2.6000000e+01   8.0000000e+00   4.0000000e+00   1.6000000e+01
   1.8980000e+01   4.4080000e+01   2.0160000e+03   2.0000000e+00   2.3000000e+01   2.9000000e+00   8.0000000e+00   1.6000000e+01   4.8000000e+01   0.0000000e+00
   1.0280000e+01   4.6630000e+01   2.0160000e+03   2.0000000e+00   2.4000000e+01   2.2000000e+00   8.0000000e+00   6.0000000e+00   3.2000000e+01   2.8100000e+01
   2.0340000e+01   4.0960000e+01   2.0160000e+03   2.0000000e+00   2.4000000e+01   2.0000000e+00   2.0000000e+01   1.0000000e+01   4.2000000e+01   5.2000000e+00
   2.0060000e+01   4.1190000e+01   2.0160000e+03   2.0000000e+00   2.4000000e+01   2.6000000e+00   1.0000000e+01   2.1000000e+01   1.0000000e+01   2.6600000e+01
   2.0300000e+01   4.1180000e+01   2.0160000e+03   2.0000000e+00   2.5000000e+01   2.4000000e+00   2.0000000e+00   1.0000000e+00   8.0000000e+00   2.1000000e+00
   1.4880000e+01   3.7740000e+01   2.0160000e+03   2.0000000e+00   2.5000000e+01   2.0000000e+00   5.0000000e+00   1.4000000e+01   4.2000000e+01   2.0400000e+01
   1.1160000e+01   4.4960000e+01   2.0160000e+03   2.0000000e+00   2.5000000e+01   3.1000000e+00   5.0000000e+00   2.0000000e+01   5.5000000e+01   1.6000000e+01
   1.7660000e+01   4.3250000e+01   2.0160000e+03   2.0000000e+00   2.6000000e+01   3.3000000e+00   6.0000000e+00   1.0000000e+00   3.8000000e+01   2.3000000e+01
   1.0950000e+01   4.7320000e+01   2.0160000e+03   2.0000000e+00   2.6000000e+01   2.3000000e+00   1.3000000e+01   1.8000000e+01   5.0000000e+01   1.3600000e+01
   1.8770000e+01   4.2430000e+01   2.0160000e+03   2.0000000e+00   2.6000000e+01   2.1000000e+00   1.0000000e+01   2.2000000e+01   2.7000000e+01   1.6000000e+00
   1.8480000e+01   4.2520000e+01   2.0160000e+03   2.0000000e+00   2.7000000e+01   3.5000000e+00   2.0000000e+00   2.0000000e+00   5.0000000e+01   3.3700000e+01
   1.8430000e+01   4.2570000e+01   2.0160000e+03   2.0000000e+00   2.7000000e+01   2.7000000e+00   2.0000000e+00   6.0000000e+00   0.0000000e+00   4.3800000e+01
   1.7890000e+01   4.3110000e+01   2.0160000e+03   2.0000000e+00   2.8000000e+01   2.2000000e+00   2.0000000e+00   2.0000000e+01   2.6000000e+01   5.0300000e+01
   1.4870000e+01   3.8340000e+01   2.0160000e+03   2.0000000e+00   2.9000000e+01   2.4000000e+00   6.0000000e+00   4.0000000e+00   6.0000000e+00   5.1000000e+00
   1.1160000e+01   4.3400000e+01   2.0160000e+03   2.0000000e+00   2.9000000e+01   2.7000000e+00   1.3000000e+01   1.6000000e+01   4.9000000e+01   3.2600000e+01
   1.4600000e+01   3.8460000e+01   2.0160000e+03   3.0000000e+00   1.0000000e+00   3.0000000e+00   5.0000000e+00   4.0000000e+00   6.0000000e+00   9.4000000e+00
   1.4620000e+01   3.8470000e+01   2.0160000e+03   3.0000000e+00   1.0000000e+00   3.2000000e+00   8.0000000e+00   1.6000000e+01   4.7000000e+01   5.0000000e+01
   1.4590000e+01   3.8470000e+01   2.0160000e+03   3.0000000e+00   1.0000000e+00   3.0000000e+00   6.0000000e+00   1.7000000e+01   2.7000000e+01   5.4400000e+01
   1.2640000e+01   4.1950000e+01   2.0160000e+03   3.0000000e+00   2.0000000e+00   2.5000000e+00   1.0000000e+01   6.0000000e+00   1.2000000e+01   3.3500000e+01
   1.5820000e+01   4.0650000e+01   2.0160000e+03   3.0000000e+00   2.0000000e+00   2.5000000e+00   9.0000000e+00   6.0000000e+00   2.7000000e+01   5.3000000e+00
   1.2620000e+01   4.1950000e+01   2.0160000e+03   3.0000000e+00   2.0000000e+00   2.2000000e+00   1.0000000e+01   1.6000000e+01   5.3000000e+01   5.1200000e+01
   1.2620000e+01   4.1940000e+01   2.0160000e+03   3.0000000e+00   2.0000000e+00   2.0000000e+00   8.0000000e+00   1.6000000e+01   5.6000000e+01   3.7700000e+01
   1.4850000e+01   4.1680000e+01   2.0160000e+03   3.0000000e+00   3.0000000e+00   3.7000000e+00   1.0000000e+01   5.0000000e+00   1.0000000e+00   1.7800000e+01
   1.5390000e+01   3.7810000e+01   2.0160000e+03   3.0000000e+00   3.0000000e+00   2.6000000e+00   1.6000000e+01   5.0000000e+00   1.6000000e+01   2.8700000e+01
   1.1190000e+01   4.3410000e+01   2.0160000e+03   3.0000000e+00   4.0000000e+00   3.4000000e+00   8.0000000e+00   1.5000000e+01   5.1000000e+01   1.9200000e+01
   1.1170000e+01   4.3410000e+01   2.0160000e+03   3.0000000e+00   4.0000000e+00   2.3000000e+00   9.0000000e+00   1.5000000e+01   5.3000000e+01   3.6900000e+01
   1.3420000e+01   4.3090000e+01   2.0160000e+03   3.0000000e+00   4.0000000e+00   2.5000000e+00   2.7000000e+01   1.7000000e+01   3.5000000e+01   5.0300000e+01
   1.4870000e+01   3.8180000e+01   2.0160000e+03   3.0000000e+00   5.0000000e+00   2.4000000e+00   1.3000000e+01   1.0000000e+00   5.0000000e+00   1.9800000e+01
   1.2350000e+01   4.3610000e+01   2.0160000e+03   3.0000000e+00   5.0000000e+00   2.0000000e+00   8.0000000e+00   1.0000000e+00   9.0000000e+00   2.4100000e+01
   1.1140000e+01   4.4070000e+01   2.0160000e+03   3.0000000e+00   5.0000000e+00   2.6000000e+00   1.1000000e+01   1.8000000e+01   2.0000000e+01   5.6300000e+01
   2.0270000e+01   4.1270000e+01   2.0160000e+03   3.0000000e+00   6.0000000e+00   2.7000000e+00   2.0000000e+01   2.0000000e+00   2.1000000e+01   1.8900000e+01
   1.9340000e+01   4.0310000e+01   2.0160000e+03   3.0000000e+00   6.0000000e+00   2.6000000e+00   1.2000000e+01   5.0000000e+00   3.4000000e+01   5.6200000e+01
   1.6730000e+01   3.8270000e+01   2.0160000e+03   3.0000000e+00   6.0000000e+00   4.0000000e+00   1.5000000e+01   8.0000000e+00   1.2000000e+01   3.5200000e+01
   1.2670000e+01   4.2960000e+01   2.0160000e+03   3.0000000e+00   6.0000000e+00   2.4000000e+00   1.0000000e+01   8.0000000e+00   2.4000000e+01   3.4000000e+00
   1.5900000e+01   3.7620000e+01   2.0160000e+03   3.0000000e+00   7.0000000e+00   3.7000000e+00   2.0000000e+01   2.1000000e+01   2.5000000e+01   1.6500000e+01
   2.0100000e+01   4.1980000e+01   2.0160000e+03   3.0000000e+00   8.0000000e+00   2.8000000e+00   1.0000000e+01   0.0000000e+00   5.9000000e+01   4.8700000e+01
   1.5230000e+01   4.1090000e+01   2.0160000e+03   3.0000000e+00   8.0000000e+00   2.6000000e+00   1.9000000e+01   9.0000000e+00   3.7000000e+01   3.4800000e+01
   1.5230000e+01   4.1090000e+01   2.0160000e+03   3.0000000e+00   8.0000000e+00   3.0000000e+00   1.8000000e+01   1.0000000e+01   3.0000000e+00   5.5000000e+01
   1.3600000e+01   4.2270000e+01   2.0160000e+03   3.0000000e+00   9.0000000e+00   2.7000000e+00   1.0000000e+01   1.9000000e+01   4.2000000e+01   3.4500000e+01
   1.9600000e+01   4.2220000e+01   2.0160000e+03   3.0000000e+00   9.0000000e+00   2.2000000e+00   7.0000000e+00   2.3000000e+01   5.0000000e+00   4.1300000e+01
   1.3400000e+01   4.3130000e+01   2.0160000e+03   3.0000000e+00   9.0000000e+00   2.3000000e+00   2.1000000e+01   2.3000000e+01   8.0000000e+00   2.0900000e+01
   2.0420000e+01   4.1200000e+01   2.0160000e+03   3.0000000e+00   1.0000000e+01   2.0000000e+00   2.0000000e+01   1.9000000e+01   2.5000000e+01   5.4400000e+01
   1.8790000e+01   4.2340000e+01   2.0160000e+03   3.0000000e+00   1.1000000e+01   2.0000000e+00   7.0000000e+00   7.0000000e+00   3.7000000e+01   1.7700000e+01
   1.4520000e+01   4.1350000e+01   2.0160000e+03   3.0000000e+00   1.2000000e+01   2.6000000e+00   5.0000000e+00   1.1000000e+01   2.0000000e+01   5.1000000e+01
   1.3460000e+01   4.2330000e+01   2.0160000e+03   3.0000000e+00   1.2000000e+01   2.7000000e+00   1.0000000e+01   1.7000000e+01   3.7000000e+01   3.0000000e+01
   1.0650000e+01   4.6680000e+01   2.0160000e+03   3.0000000e+00   1.3000000e+01   2.9000000e+00   1.0000000e+01   0.0000000e+00   5.8000000e+01   4.9400000e+01
   7.4300000e+00   4.4400000e+01   2.0160000e+03   3.0000000e+00   1.3000000e+01   2.3000000e+00   2.0000000e+00   6.0000000e+00   1.6000000e+01   4.2300000e+01
   1.5410000e+01   3.8010000e+01   2.0160000e+03   3.0000000e+00   1.3000000e+01   2.1000000e+00   1.0000000e+01   1.2000000e+01   4.8000000e+01   4.7300000e+01
   1.6090000e+01   4.1580000e+01   2.0160000e+03   3.0000000e+00   1.3000000e+01   2.8000000e+00   1.7000000e+01   1.6000000e+01   1.4000000e+01   3.5500000e+01
   1.0100000e+01   4.7110000e+01   2.0160000e+03   3.0000000e+00   1.3000000e+01   2.3000000e+00   1.0000000e+01   2.0000000e+01   0.0000000e+00   4.5900000e+01
   1.9870000e+01   4.1650000e+01   2.0160000e+03   3.0000000e+00   1.3000000e+01   2.5000000e+00   2.0000000e+00   2.1000000e+01   4.9000000e+01   5.0000000e+01
   7.3200000e+00   4.4370000e+01   2.0160000e+03   3.0000000e+00   1.4000000e+01   3.9000000e+00   1.0000000e+01   1.3000000e+01   3.6000000e+01   1.2700000e+01
   1.3190000e+01   4.2850000e+01   2.0160000e+03   3.0000000e+00   1.5000000e+01   2.9000000e+00   9.0000000e+00   1.2000000e+01   9.0000000e+00   6.7000000e+00
   1.9300000e+01   4.0610000e+01   2.0160000e+03   3.0000000e+00   1.6000000e+01   3.7000000e+00   1.0000000e+01   4.0000000e+00   2.2000000e+01   3.5500000e+01
   2.0030000e+01   4.4430000e+01   2.0160000e+03   3.0000000e+00   1.8000000e+01   2.6000000e+00   2.0000000e+00   2.0000000e+00   1.7000000e+01   5.5200000e+01
   1.6790000e+01   3.9550000e+01   2.0160000e+03   3.0000000e+00   1.8000000e+01   2.9000000e+00   3.4000000e+01   1.4000000e+01   1.3000000e+01   3.3000000e+01
   1.6730000e+01   3.9450000e+01   2.0160000e+03   3.0000000e+00   1.8000000e+01   2.7000000e+00   3.6000000e+01   1.9000000e+01   2.6000000e+01   3.9900000e+01
   5.6200000e+00   4.3520000e+01   2.0160000e+03   3.0000000e+00   1.9000000e+01   2.6000000e+00   6.0000000e+00   2.2000000e+01   3.9000000e+01   4.2000000e+00
   1.5910000e+01   4.0170000e+01   2.0160000e+03   3.0000000e+00   2.0000000e+01   2.3000000e+00   8.0000000e+00   1.3000000e+01   1.3000000e+01   5.1800000e+01
   2.0400000e+01   4.1020000e+01   2.0160000e+03   3.0000000e+00   2.0000000e+01   2.5000000e+00   2.0000000e+00   1.8000000e+01   2.7000000e+01   3.0200000e+01
   1.9810000e+01   4.2250000e+01   2.0160000e+03   3.0000000e+00   2.0000000e+01   2.6000000e+00   1.0000000e+01   2.0000000e+01   1.3000000e+01   4.6700000e+01
   2.0070000e+01   4.1740000e+01   2.0160000e+03   3.0000000e+00   2.0000000e+01   2.3000000e+00   1.0000000e+01   2.3000000e+01   5.3000000e+01   5.3800000e+01
   1.5390000e+01   4.5930000e+01   2.0160000e+03   3.0000000e+00   2.2000000e+01   3.2000000e+00   2.0000000e+00   2.0000000e+00   1.2000000e+01   2.0000000e+00
   2.0230000e+01   4.1100000e+01   2.0160000e+03   3.0000000e+00   2.2000000e+01   3.3000000e+00   1.1000000e+01   7.0000000e+00   1.4000000e+01   5.1000000e+00
   7.0800000e+00   4.4180000e+01   2.0160000e+03   3.0000000e+00   2.3000000e+01   2.9000000e+00   5.0000000e+00   0.0000000e+00   5.4000000e+01   3.9900000e+01
   7.1400000e+00   4.4180000e+01   2.0160000e+03   3.0000000e+00   2.3000000e+01   2.8000000e+00   1.0000000e+01   5.0000000e+00   2.4000000e+01   2.5100000e+01
   1.2700000e+01   4.3640000e+01   2.0160000e+03   3.0000000e+00   2.3000000e+01   2.1000000e+00   1.0000000e+01   2.0000000e+01   4.4000000e+01   8.8000000e+00
   7.4100000e+00   4.4420000e+01   2.0160000e+03   3.0000000e+00   2.4000000e+01   2.4000000e+00   2.0000000e+00   0.0000000e+00   1.1000000e+01   3.4000000e+01
   1.0990000e+01   4.6830000e+01   2.0160000e+03   3.0000000e+00   2.4000000e+01   2.6000000e+00   8.0000000e+00   6.0000000e+00   1.2000000e+01   4.0300000e+01
   1.8810000e+01   4.3680000e+01   2.0160000e+03   3.0000000e+00   2.4000000e+01   3.2000000e+00   4.0000000e+00   1.7000000e+01   2.6000000e+01   4.0000000e+01
   1.9800000e+01   4.0020000e+01   2.0160000e+03   3.0000000e+00   2.6000000e+01   3.5000000e+00   2.0000000e+00   1.0000000e+00   4.0000000e+01   4.8300000e+01
   1.9730000e+01   3.9970000e+01   2.0160000e+03   3.0000000e+00   2.6000000e+01   2.6000000e+00   1.2000000e+01   2.0000000e+00   1.1000000e+01   1.6100000e+01
   2.0050000e+01   4.0480000e+01   2.0160000e+03   3.0000000e+00   2.6000000e+01   2.4000000e+00   2.0000000e+00   1.2000000e+01   1.1000000e+01   2.1000000e+01
   7.4800000e+00   4.6210000e+01   2.0160000e+03   3.0000000e+00   2.7000000e+01   2.5000000e+00   8.0000000e+00   9.0000000e+00   3.4000000e+01   1.2100000e+01
   2.0000000e+01   4.1320000e+01   2.0160000e+03   3.0000000e+00   2.7000000e+01   2.3000000e+00   2.0000000e+00   1.0000000e+01   5.7000000e+01   1.8400000e+01
   1.9300000e+01   4.1290000e+01   2.0160000e+03   3.0000000e+00   2.7000000e+01   4.4000000e+00   2.0000000e+01   1.3000000e+01   9.0000000e+00   3.0100000e+01
   1.9480000e+01   4.1270000e+01   2.0160000e+03   3.0000000e+00   2.7000000e+01   2.5000000e+00   2.0000000e+01   1.5000000e+01   4.6000000e+01   5.4300000e+01
   1.9460000e+01   4.1300000e+01   2.0160000e+03   3.0000000e+00   2.7000000e+01   2.4000000e+00   2.0000000e+00   1.6000000e+01   4.6000000e+01   9.8000000e+00
   1.9240000e+01   4.1960000e+01   2.0160000e+03   3.0000000e+00   2.7000000e+01   2.8000000e+00   5.0000000e+00   2.0000000e+01   1.9000000e+01   2.7000000e+00
   1.1410000e+01   4.4190000e+01   2.0160000e+03   3.0000000e+00   2.8000000e+01   2.6000000e+00   2.4000000e+01   1.0000000e+00   3.0000000e+01   3.9600000e+01
   1.9300000e+01   4.1830000e+01   2.0160000e+03   3.0000000e+00   2.8000000e+01   2.4000000e+00   2.0000000e+01   4.0000000e+00   2.6000000e+01   2.4800000e+01
   1.1590000e+01   4.3380000e+01   2.0160000e+03   3.0000000e+00   2.8000000e+01   2.7000000e+00   7.0000000e+00   7.0000000e+00   1.7000000e+01   3.1000000e+01
   1.5110000e+01   3.8170000e+01   2.0160000e+03   3.0000000e+00   2.9000000e+01   2.7000000e+00   8.0000000e+00   4.0000000e+00   4.1000000e+01   5.4800000e+01
   2.0250000e+01   4.1070000e+01   2.0160000e+03   3.0000000e+00   2.9000000e+01   2.8000000e+00   1.2000000e+01   1.8000000e+01   1.6000000e+01   4.5300000e+01
   2.0170000e+01   4.1130000e+01   2.0160000e+03   3.0000000e+00   3.0000000e+01   2.3000000e+00   2.0000000e+00   0.0000000e+00   4.0000000e+01   4.0000000e+00
   1.6120000e+01   3.9900000e+01   2.0160000e+03   3.0000000e+00   3.0000000e+01   2.6000000e+00   8.0000000e+00   7.0000000e+00   4.1000000e+01   3.0700000e+01
   9.4200000e+00   4.4680000e+01   2.0160000e+03   3.0000000e+00   3.0000000e+01   2.9000000e+00   4.0000000e+00   8.0000000e+00   6.0000000e+00   1.1700000e+01
   1.5360000e+01   3.7570000e+01   2.0160000e+03   3.0000000e+00   3.0000000e+01   3.1000000e+00   9.0000000e+00   1.1000000e+01   1.6000000e+01   3.7800000e+01
   8.2100000e+00   4.6390000e+01   2.0160000e+03   3.0000000e+00   3.0000000e+01   2.2000000e+00   5.0000000e+00   1.9000000e+01   3.9000000e+01   1.9800000e+01
   1.6740000e+01   3.9510000e+01   2.0160000e+03   3.0000000e+00   3.0000000e+01   2.6000000e+00   2.8000000e+01   2.0000000e+01   3.3000000e+01   1.2400000e+01
   1.7950000e+01   4.3130000e+01   2.0160000e+03   3.0000000e+00   3.1000000e+01   2.1000000e+00   6.0000000e+00   9.0000000e+00   5.0000000e+00   2.8000000e+01
   1.5660000e+01   4.2100000e+01   2.0160000e+03   4.0000000e+00   1.0000000e+00   2.6000000e+00   3.0000000e+00   1.0000000e+00   5.8000000e+01   9.7000000e+00
   1.5270000e+01   3.7690000e+01   2.0160000e+03   4.0000000e+00   1.0000000e+00   2.5000000e+00   1.8000000e+01   1.0000000e+01   1.6000000e+01   1.0800000e+01
   8.1900000e+00   4.6840000e+01   2.0160000e+03   4.0000000e+00   1.0000000e+00   2.0000000e+00   2.8000000e+01   1.1000000e+01   6.0000000e+00   2.5000000e+00
   9.0000000e+00   4.7060000e+01   2.0160000e+03   4.0000000e+00   2.0000000e+00   2.2000000e+00   8.0000000e+00   3.0000000e+00   8.0000000e+00   5.3100000e+01
   1.9270000e+01   4.1840000e+01   2.0160000e+03   4.0000000e+00   2.0000000e+00   2.1000000e+00   8.0000000e+00   4.0000000e+00   3.0000000e+01   2.1900000e+01
   1.9180000e+01   4.1900000e+01   2.0160000e+03   4.0000000e+00   2.0000000e+00   3.2000000e+00   1.0000000e+01   7.0000000e+00   3.0000000e+00   5.2800000e+01
   1.0570000e+01   4.6890000e+01   2.0160000e+03   4.0000000e+00   2.0000000e+00   2.5000000e+00   8.0000000e+00   1.6000000e+01   4.7000000e+01   4.0700000e+01
   1.0990000e+01   4.7420000e+01   2.0160000e+03   4.0000000e+00   3.0000000e+00   2.1000000e+00   2.0000000e+00   8.0000000e+00   4.9000000e+01   2.7000000e+00
   1.9590000e+01   4.0290000e+01   2.0160000e+03   4.0000000e+00   3.0000000e+00   2.6000000e+00   1.0000000e+01   1.6000000e+01   3.3000000e+01   1.9200000e+01
   1.9830000e+01   4.1460000e+01   2.0160000e+03   4.0000000e+00   4.0000000e+00   2.5000000e+00   1.0000000e+01   4.0000000e+00   5.6000000e+01   5.3700000e+01
   1.5950000e+01   3.9750000e+01   2.0160000e+03   4.0000000e+00   4.0000000e+00   2.5000000e+00   3.5000000e+01   7.0000000e+00   5.6000000e+01   5.4200000e+01
   1.5930000e+01   3.9750000e+01   2.0160000e+03   4.0000000e+00   4.0000000e+00   2.5000000e+00   3.2000000e+01   8.0000000e+00   1.5000000e+01   4.5900000e+01
   1.4000000e+01   4.6210000e+01   2.0160000e+03   4.0000000e+00   4.0000000e+00   2.3000000e+00   2.0000000e+00   9.0000000e+00   1.7000000e+01   5.2300000e+01
   1.9550000e+01   4.0510000e+01   2.0160000e+03   4.0000000e+00   4.0000000e+00   2.3000000e+00   5.0000000e+00   1.7000000e+01   2.0000000e+01   3.9700000e+01
   1.4620000e+01   4.1540000e+01   2.0160000e+03   4.0000000e+00   4.0000000e+00   3.3000000e+00   1.0000000e+01   1.7000000e+01   3.6000000e+01   2.7500000e+01
   1.2150000e+01   4.4140000e+01   2.0160000e+03   4.0000000e+00   4.0000000e+00   3.1000000e+00   3.5000000e+01   2.0000000e+01   4.6000000e+01   2.3200000e+01
   1.9470000e+01   4.0240000e+01   2.0160000e+03   4.0000000e+00   5.0000000e+00   3.1000000e+00   2.0000000e+00   1.1000000e+01   3.1000000e+01   1.0800000e+01
   1.9340000e+01   4.0350000e+01   2.0160000e+03   4.0000000e+00   5.0000000e+00   2.0000000e+00   1.5000000e+01   1.4000000e+01   3.6000000e+01   5.1500000e+01
   1.3580000e+01   4.2260000e+01   2.0160000e+03   4.0000000e+00   5.0000000e+00   2.5000000e+00   1.0000000e+01   1.7000000e+01   4.0000000e+00   1.1300000e+01
   1.8680000e+01   4.2550000e+01   2.0160000e+03   4.0000000e+00   6.0000000e+00   2.1000000e+00   1.0000000e+01   5.0000000e+00   3.6000000e+01   4.0900000e+01
   2.0350000e+01   4.3510000e+01   2.0160000e+03   4.0000000e+00   6.0000000e+00   2.9000000e+00   1.0000000e+00   1.7000000e+01   1.5000000e+01   3.0900000e+01
   1.6930000e+01   4.5240000e+01   2.0160000e+03   4.0000000e+00   6.0000000e+00   3.3000000e+00   2.0000000e+00   1.9000000e+01   5.1000000e+01   8.0000000e+00
   1.9390000e+01   4.0300000e+01   2.0160000e+03   4.0000000e+00   6.0000000e+00   2.5000000e+00   5.0000000e+00   2.2000000e+01   0.0000000e+00   1.8400000e+01
   1.9350000e+01   4.0310000e+01   2.0160000e+03   4.0000000e+00   6.0000000e+00   2.6000000e+00   9.0000000e+00   2.2000000e+01   7.0000000e+00   3.6100000e+01
   1.9360000e+01   4.0320000e+01   2.0160000e+03   4.0000000e+00   6.0000000e+00   2.2000000e+00   1.3000000e+01   2.2000000e+01   2.7000000e+01   2.5300000e+01
   1.2930000e+01   4.3550000e+01   2.0160000e+03   4.0000000e+00   7.0000000e+00   2.8000000e+00   4.8000000e+01   1.3000000e+01   5.3000000e+01   5.5600000e+01
   1.1950000e+01   4.4600000e+01   2.0160000e+03   4.0000000e+00   7.0000000e+00   3.2000000e+00   1.0000000e+01   1.8000000e+01   2.5000000e+01   5.5000000e+01
   1.7160000e+01   4.4280000e+01   2.0160000e+03   4.0000000e+00   7.0000000e+00   2.3000000e+00   2.0000000e+00   2.2000000e+01   3.1000000e+01   3.3000000e+01
   2.0350000e+01   4.1610000e+01   2.0160000e+03   4.0000000e+00   8.0000000e+00   2.8000000e+00   2.0000000e+00   1.0000000e+00   2.0000000e+00   3.5700000e+01
   7.4400000e+00   4.4490000e+01   2.0160000e+03   4.0000000e+00   8.0000000e+00   2.5000000e+00   2.0000000e+00   2.0000000e+00   1.0000000e+00   1.2400000e+01
   7.6100000e+00   4.2000000e+01   2.0160000e+03   4.0000000e+00   8.0000000e+00   3.0000000e+00   4.0000000e+01   1.5000000e+01   1.6000000e+01   5.0300000e+01
   1.3070000e+01   4.2690000e+01   2.0160000e+03   4.0000000e+00   8.0000000e+00   2.0000000e+00   8.0000000e+00   1.7000000e+01   7.0000000e+00   1.5400000e+01
   1.9350000e+01   4.0330000e+01   2.0160000e+03   4.0000000e+00   8.0000000e+00   2.5000000e+00   5.0000000e+00   2.2000000e+01   4.8000000e+01   2.0000000e+01
   1.3200000e+01   4.2420000e+01   2.0160000e+03   4.0000000e+00   8.0000000e+00   2.6000000e+00   1.1000000e+01   2.3000000e+01   1.3000000e+01   4.4100000e+01
   1.9360000e+01   4.0280000e+01   2.0160000e+03   4.0000000e+00   8.0000000e+00   2.5000000e+00   2.6000000e+01   2.3000000e+01   1.8000000e+01   4.4100000e+01
   1.0680000e+01   4.7330000e+01   2.0160000e+03   4.0000000e+00   9.0000000e+00   2.2000000e+00   2.0000000e+00   8.0000000e+00   5.1000000e+01   4.1500000e+01
   1.5630000e+01   4.5920000e+01   2.0160000e+03   4.0000000e+00   9.0000000e+00   3.6000000e+00   7.0000000e+00   1.3000000e+01   2.0000000e+00   3.3200000e+01
   1.0740000e+01   4.7330000e+01   2.0160000e+03   4.0000000e+00   9.0000000e+00   2.0000000e+00   3.0000000e+00   2.2000000e+01   5.9000000e+01   2.4500000e+01
   1.9340000e+01   4.0320000e+01   2.0160000e+03   4.0000000e+00   1.0000000e+01   2.4000000e+00   1.5000000e+01   3.0000000e+00   2.6000000e+01   2.1400000e+01
   1.6230000e+01   3.9880000e+01   2.0160000e+03   4.0000000e+00   1.0000000e+01   2.7000000e+00   7.0000000e+00   2.3000000e+01   1.4000000e+01   2.1600000e+01
   1.3340000e+01   4.2470000e+01   2.0160000e+03   4.0000000e+00   1.1000000e+01   2.9000000e+00   1.1000000e+01   4.0000000e+00   1.8000000e+01   2.3000000e+00
   1.0020000e+01   4.6430000e+01   2.0160000e+03   4.0000000e+00   1.1000000e+01   3.1000000e+00   8.0000000e+00   1.0000000e+01   4.7000000e+01   2.3300000e+01
   1.5990000e+01   4.1800000e+01   2.0160000e+03   4.0000000e+00   1.1000000e+01   2.7000000e+00   1.7000000e+01   1.2000000e+01   2.7000000e+01   2.1000000e+00
   1.9640000e+01   4.0290000e+01   2.0160000e+03   4.0000000e+00   1.1000000e+01   3.0000000e+00   2.0000000e+00   1.3000000e+01   2.0000000e+00   1.0900000e+01
   1.9310000e+01   4.0350000e+01   2.0160000e+03   4.0000000e+00   1.1000000e+01   2.2000000e+00   1.0000000e+01   1.7000000e+01   3.0000000e+00   3.8000000e+01
   1.9340000e+01   4.0290000e+01   2.0160000e+03   4.0000000e+00   1.1000000e+01   2.5000000e+00   1.0000000e+01   1.7000000e+01   2.1000000e+01   2.5700000e+01
   2.0170000e+01   4.1130000e+01   2.0160000e+03   4.0000000e+00   1.1000000e+01   2.0000000e+00   1.3000000e+01   1.7000000e+01   4.8000000e+01   4.2600000e+01
   1.1280000e+01   4.4930000e+01   2.0160000e+03   4.0000000e+00   1.2000000e+01   2.8000000e+00   1.0000000e+01   1.4000000e+01   0.0000000e+00   2.6100000e+01
   1.9750000e+01   3.9950000e+01   2.0160000e+03   4.0000000e+00   1.2000000e+01   2.4000000e+00   5.0000000e+00   1.6000000e+01   5.1000000e+01   1.8500000e+01
   1.9340000e+01   4.0330000e+01   2.0160000e+03   4.0000000e+00   1.2000000e+01   2.5000000e+00   2.0000000e+01   2.0000000e+01   5.3000000e+01   5.5900000e+01
   7.5700000e+00   4.4720000e+01   2.0160000e+03   4.0000000e+00   1.3000000e+01   2.4000000e+00   1.8000000e+01   0.0000000e+00   4.0000000e+01   5.8800000e+01
   1.9340000e+01   4.0330000e+01   2.0160000e+03   4.0000000e+00   1.3000000e+01   2.2000000e+00   4.0000000e+00   4.0000000e+00   1.5000000e+01   1.4700000e+01
   1.9540000e+01   4.0150000e+01   2.0160000e+03   4.0000000e+00   1.3000000e+01   3.0000000e+00   2.0000000e+00   1.3000000e+01   1.2000000e+01   3.9300000e+01
   1.9370000e+01   4.0320000e+01   2.0160000e+03   4.0000000e+00   1.5000000e+01   2.2000000e+00   2.5000000e+01   1.0000000e+00   1.9000000e+01   3.4200000e+01
   1.1020000e+01   4.5840000e+01   2.0160000e+03   4.0000000e+00   1.5000000e+01   2.5000000e+00   1.1000000e+01   3.0000000e+00   1.8000000e+01   7.5000000e+00
   1.9480000e+01   4.0320000e+01   2.0160000e+03   4.0000000e+00   1.6000000e+01   2.5000000e+00   1.5000000e+01   0.0000000e+00   3.5000000e+01   5.0000000e+01
   1.8040000e+01   4.3060000e+01   2.0160000e+03   4.0000000e+00   1.7000000e+01   3.4000000e+00   4.0000000e+00   2.0000000e+00   5.3000000e+01   2.4000000e+01
   1.9340000e+01   4.0330000e+01   2.0160000e+03   4.0000000e+00   1.7000000e+01   2.5000000e+00   2.0000000e+01   3.0000000e+00   2.0000000e+01   5.2400000e+01
   1.9330000e+01   4.0340000e+01   2.0160000e+03   4.0000000e+00   1.7000000e+01   2.8000000e+00   1.0000000e+01   3.0000000e+00   2.2000000e+01   3.8600000e+01
   1.9340000e+01   4.0340000e+01   2.0160000e+03   4.0000000e+00   1.7000000e+01   2.0000000e+00   1.7000000e+01   4.0000000e+00   5.1000000e+01   2.6300000e+01
   8.8800000e+00   4.5320000e+01   2.0160000e+03   4.0000000e+00   1.7000000e+01   2.7000000e+00   2.8000000e+01   1.1000000e+01   4.4000000e+01   5.6100000e+01
   1.9410000e+01   4.0310000e+01   2.0160000e+03   4.0000000e+00   1.9000000e+01   2.9000000e+00   2.0000000e+00   2.0000000e+00   5.1000000e+01   2.2300000e+01
   1.9350000e+01   4.0320000e+01   2.0160000e+03   4.0000000e+00   1.9000000e+01   2.9000000e+00   2.0000000e+00   2.0000000e+00   5.4000000e+01   1.5100000e+01
   1.9360000e+01   4.0270000e+01   2.0160000e+03   4.0000000e+00   1.9000000e+01   3.1000000e+00   1.0000000e+01   8.0000000e+00   1.9000000e+01   4.4900000e+01
   1.9410000e+01   4.0360000e+01   2.0160000e+03   4.0000000e+00   2.0000000e+01   2.2000000e+00   8.0000000e+00   0.0000000e+00   5.4000000e+01   4.5000000e+00
   1.9350000e+01   4.0350000e+01   2.0160000e+03   4.0000000e+00   2.0000000e+01   2.2000000e+00   6.0000000e+00   1.0000000e+00   6.0000000e+00   3.7500000e+01
   1.9330000e+01   4.0250000e+01   2.0160000e+03   4.0000000e+00   2.0000000e+01   2.7000000e+00   2.0000000e+01   2.1000000e+01   2.9000000e+01   3.8000000e+01
   1.6600000e+01   3.8980000e+01   2.0160000e+03   4.0000000e+00   2.1000000e+01   2.5000000e+00   2.1000000e+01   5.0000000e+00   5.1000000e+01   5.0200000e+01
   1.9830000e+01   4.0130000e+01   2.0160000e+03   4.0000000e+00   2.2000000e+01   2.3000000e+00   6.0000000e+00   2.0000000e+00   2.6000000e+01   1.3900000e+01
   1.9320000e+01   4.0340000e+01   2.0160000e+03   4.0000000e+00   2.2000000e+01   2.2000000e+00   2.0000000e+01   2.0000000e+00   2.9000000e+01   1.6000000e+01
   1.9320000e+01   4.0310000e+01   2.0160000e+03   4.0000000e+00   2.2000000e+01   2.4000000e+00   2.0000000e+01   2.0000000e+00   3.1000000e+01   4.5400000e+01
   1.9320000e+01   4.0320000e+01   2.0160000e+03   4.0000000e+00   2.2000000e+01   2.1000000e+00   3.0000000e+00   2.0000000e+00   4.8000000e+01   5.4000000e+00
   1.9330000e+01   4.0280000e+01   2.0160000e+03   4.0000000e+00   2.2000000e+01   2.6000000e+00   1.5000000e+01   1.1000000e+01   2.3000000e+01   4.0800000e+01
   1.9340000e+01   4.0330000e+01   2.0160000e+03   4.0000000e+00   2.2000000e+01   2.1000000e+00   4.0000000e+00   1.6000000e+01   1.6000000e+01   5.3000000e+01
   1.9340000e+01   4.0310000e+01   2.0160000e+03   4.0000000e+00   2.2000000e+01   2.3000000e+00   1.1000000e+01   1.6000000e+01   3.5000000e+01   2.3100000e+01
   1.9360000e+01   4.0290000e+01   2.0160000e+03   4.0000000e+00   2.3000000e+01   2.4000000e+00   1.7000000e+01   0.0000000e+00   1.2000000e+01   1.0800000e+01
   1.9350000e+01   4.0320000e+01   2.0160000e+03   4.0000000e+00   2.3000000e+01   2.3000000e+00   1.2000000e+01   0.0000000e+00   1.5000000e+01   4.9100000e+01
   1.1960000e+01   4.6170000e+01   2.0160000e+03   4.0000000e+00   2.3000000e+01   2.8000000e+00   8.0000000e+00   1.0000000e+01   2.7000000e+01   3.5900000e+01
   1.3240000e+01   4.3900000e+01   2.0160000e+03   4.0000000e+00   2.4000000e+01   2.9000000e+00   9.0000000e+00   1.9000000e+01   2.4000000e+01   4.2600000e+01
   1.7120000e+01   4.6410000e+01   2.0160000e+03   4.0000000e+00   2.5000000e+01   2.8000000e+00   7.0000000e+00   5.0000000e+00   5.4000000e+01   7.2000000e+00
   1.1400000e+01   4.4060000e+01   2.0160000e+03   4.0000000e+00   2.5000000e+01   3.5000000e+00   5.0000000e+00   7.0000000e+00   4.7000000e+01   5.0900000e+01
   7.8200000e+00   4.3830000e+01   2.0160000e+03   4.0000000e+00   2.6000000e+01   2.6000000e+00   1.0000000e+01   8.0000000e+00   7.0000000e+00   7.3000000e+00
   6.3900000e+00   4.3030000e+01   2.0160000e+03   4.0000000e+00   2.7000000e+01   2.7000000e+00  -0.0000000e+00   6.0000000e+00   4.8000000e+01   2.1800000e+01
   1.9640000e+01   4.1880000e+01   2.0160000e+03   4.0000000e+00   2.7000000e+01   2.2000000e+00   1.0000000e+01   1.2000000e+01   2.5000000e+01   1.4100000e+01
   1.4150000e+01   4.1910000e+01   2.0160000e+03   4.0000000e+00   2.8000000e+01   2.6000000e+00   2.1000000e+01   1.9000000e+01   5.1000000e+01   4.3200000e+01
   1.9360000e+01   4.0350000e+01   2.0160000e+03   4.0000000e+00   2.8000000e+01   2.7000000e+00   2.0000000e+01   2.1000000e+01   3.1000000e+01   2.0500000e+01
   1.5620000e+01   4.0090000e+01   2.0160000e+03   4.0000000e+00   3.0000000e+01   2.8000000e+00   1.0000000e+01   1.0000000e+00   1.5000000e+01   3.9000000e+00
   2.0030000e+01   4.1090000e+01   2.0160000e+03   4.0000000e+00   3.0000000e+01   3.4000000e+00   2.0000000e+01   1.8000000e+01   3.6000000e+01   1.0500000e+01
   1.6280000e+01   4.4070000e+01   2.0160000e+03   4.0000000e+00   3.0000000e+01   2.5000000e+00   1.2000000e+01   2.3000000e+01   2.0000000e+00   4.2000000e+01
   2.0120000e+01   4.1140000e+01   2.0160000e+03   5.0000000e+00   2.0000000e+00   2.2000000e+00   2.0000000e+00   2.0000000e+00   3.2000000e+01   1.9100000e+01
   2.0160000e+01   4.2510000e+01   2.0160000e+03   5.0000000e+00   2.0000000e+00   3.5000000e+00   1.0000000e+01   1.0000000e+01   1.9000000e+01   3.2500000e+01
   2.0160000e+01   4.2550000e+01   2.0160000e+03   5.0000000e+00   2.0000000e+00   2.2000000e+00   1.0000000e+01   1.0000000e+01   3.8000000e+01   4.0700000e+01
   1.7170000e+01   4.2950000e+01   2.0160000e+03   5.0000000e+00   2.0000000e+00   3.3000000e+00   4.0000000e+00   1.4000000e+01   5.8000000e+01   3.6300000e+01
   1.3990000e+01   3.8440000e+01   2.0160000e+03   5.0000000e+00   2.0000000e+00   3.0000000e+00   7.0000000e+00   2.2000000e+01   4.0000000e+01   5.9900000e+01
   1.9340000e+01   4.0320000e+01   2.0160000e+03   5.0000000e+00   3.0000000e+00   2.6000000e+00   2.0000000e+00   1.7000000e+01   4.7000000e+01   9.1000000e+00
   1.9320000e+01   4.0280000e+01   2.0160000e+03   5.0000000e+00   3.0000000e+00   2.8000000e+00   3.4000000e+01   2.3000000e+01   5.0000000e+01   1.2800000e+01
   1.9340000e+01   4.0310000e+01   2.0160000e+03   5.0000000e+00   4.0000000e+00   2.4000000e+00   6.0000000e+00   2.0000000e+00   9.0000000e+00   3.3000000e+01
   1.0820000e+01   4.4350000e+01   2.0160000e+03   5.0000000e+00   4.0000000e+00   3.1000000e+00   3.3000000e+01   8.0000000e+00   1.7000000e+01   4.7100000e+01
   1.0970000e+01   4.5530000e+01   2.0160000e+03   5.0000000e+00   4.0000000e+00   2.5000000e+00   1.0000000e+01   1.8000000e+01   1.9000000e+01   5.1100000e+01
   1.5490000e+01   4.0660000e+01   2.0160000e+03   5.0000000e+00   4.0000000e+00   2.6000000e+00   1.1000000e+01   2.1000000e+01   1.3000000e+01   5.1800000e+01
   1.0960000e+01   4.6840000e+01   2.0160000e+03   5.0000000e+00   5.0000000e+00   2.0000000e+00   8.0000000e+00   2.0000000e+00   5.0000000e+00   3.6100000e+01
   1.9590000e+01   4.0220000e+01   2.0160000e+03   5.0000000e+00   5.0000000e+00   2.8000000e+00   2.0000000e+00   7.0000000e+00   2.7000000e+01   1.7500000e+01
   1.9350000e+01   4.0350000e+01   2.0160000e+03   5.0000000e+00   5.0000000e+00   2.4000000e+00   9.0000000e+00   2.2000000e+01   4.1000000e+01   3.8600000e+01
   1.9370000e+01   4.0370000e+01   2.0160000e+03   5.0000000e+00   5.0000000e+00   2.2000000e+00   1.0000000e+01   2.2000000e+01   4.4000000e+01   2.4500000e+01
   1.9380000e+01   4.0390000e+01   2.0160000e+03   5.0000000e+00   6.0000000e+00   2.1000000e+00   1.3000000e+01   1.0000000e+00   5.8000000e+01   4.2800000e+01
   1.3380000e+01   4.2370000e+01   2.0160000e+03   5.0000000e+00   6.0000000e+00   2.1000000e+00   8.0000000e+00   4.0000000e+00   2.6000000e+01   4.0200000e+01
   2.0470000e+01   4.1910000e+01   2.0160000e+03   5.0000000e+00   6.0000000e+00   2.7000000e+00   3.0000000e+00   1.4000000e+01   7.0000000e+00   3.3600000e+01
   1.7060000e+01   4.3150000e+01   2.0160000e+03   5.0000000e+00   7.0000000e+00   3.1000000e+00   2.0000000e+00   4.0000000e+00   2.9000000e+01   1.7600000e+01
   1.5350000e+01   4.4960000e+01   2.0160000e+03   5.0000000e+00   8.0000000e+00   3.6000000e+00   2.0000000e+00   1.0000000e+00   4.5000000e+01   3.0300000e+01
   2.0460000e+01   4.1210000e+01   2.0160000e+03   5.0000000e+00   8.0000000e+00   2.9000000e+00   1.0000000e+00   1.2000000e+01   4.7000000e+01   9.5000000e+00
   7.0700000e+00   4.4470000e+01   2.0160000e+03   5.0000000e+00   8.0000000e+00   2.4000000e+00   2.0000000e+00   2.2000000e+01   4.1000000e+01   3.3800000e+01
   1.9450000e+01   4.1870000e+01   2.0160000e+03   5.0000000e+00   9.0000000e+00   2.0000000e+00   2.0000000e+00   8.0000000e+00   5.1000000e+01   3.9900000e+01
   1.2820000e+01   4.2860000e+01   2.0160000e+03   5.0000000e+00   1.0000000e+01   2.6000000e+00   9.0000000e+00   3.0000000e+00   2.5000000e+01   1.3100000e+01
   1.5360000e+01   4.4930000e+01   2.0160000e+03   5.0000000e+00   1.0000000e+01   3.0000000e+00   5.0000000e+00   1.3000000e+01   5.4000000e+01   1.5100000e+01
   1.4320000e+01   4.4490000e+01   2.0160000e+03   5.0000000e+00   1.1000000e+01   2.0000000e+00  -0.0000000e+00   1.0000000e+00   1.6000000e+01   3.6400000e+01
   7.3800000e+00   4.4270000e+01   2.0160000e+03   5.0000000e+00   1.1000000e+01   2.4000000e+00   2.0000000e+00   3.0000000e+00   2.6000000e+01   5.2700000e+01
   1.5220000e+01   4.2490000e+01   2.0160000e+03   5.0000000e+00   1.1000000e+01   2.5000000e+00   1.0000000e+01   1.1000000e+01   2.1000000e+01   9.0000000e-01
   1.7770000e+01   4.3350000e+01   2.0160000e+03   5.0000000e+00   1.1000000e+01   2.2000000e+00   5.0000000e+00   1.8000000e+01   2.3000000e+01   5.0000000e+00
   1.4420000e+01   4.0810000e+01   2.0160000e+03   5.0000000e+00   1.2000000e+01   2.1000000e+00   2.0000000e+00   2.0000000e+00   9.0000000e+00   2.0000000e+01
   1.7930000e+01   4.3260000e+01   2.0160000e+03   5.0000000e+00   1.2000000e+01   2.2000000e+00   7.0000000e+00   5.0000000e+00   5.0000000e+01   5.2000000e+01
   1.9190000e+01   4.2530000e+01   2.0160000e+03   5.0000000e+00   1.3000000e+01   2.1000000e+00   8.0000000e+00   0.0000000e+00   3.5000000e+01   8.2000000e+00
   1.9380000e+01   4.0320000e+01   2.0160000e+03   5.0000000e+00   1.3000000e+01   2.2000000e+00   1.0000000e+01   5.0000000e+00   1.6000000e+01   2.1600000e+01
   1.6860000e+01   4.3890000e+01   2.0160000e+03   5.0000000e+00   1.3000000e+01   2.4000000e+00   3.0000000e+00   6.0000000e+00   1.2000000e+01   4.8000000e+01
   1.9340000e+01   4.0300000e+01   2.0160000e+03   5.0000000e+00   1.3000000e+01   2.2000000e+00   8.0000000e+00   1.2000000e+01   3.5000000e+01   5.5200000e+01
   2.0070000e+01   4.1160000e+01   2.0160000e+03   5.0000000e+00   1.3000000e+01   2.5000000e+00   4.0000000e+00   1.6000000e+01   2.1000000e+01   3.3000000e+01
   1.5580000e+01   4.0580000e+01   2.0160000e+03   5.0000000e+00   1.6000000e+01   2.8000000e+00   1.1000000e+01   7.0000000e+00   6.0000000e+00   2.6800000e+01
   1.5560000e+01   4.0560000e+01   2.0160000e+03   5.0000000e+00   1.6000000e+01   2.5000000e+00   2.4000000e+01   1.0000000e+01   5.6000000e+01   2.1800000e+01
   1.7240000e+01   4.3660000e+01   2.0160000e+03   5.0000000e+00   1.6000000e+01   2.7000000e+00   2.0000000e+00   1.1000000e+01   3.2000000e+01   2.7000000e+00
   1.1430000e+01   4.4840000e+01   2.0160000e+03   5.0000000e+00   1.6000000e+01   2.5000000e+00   7.0000000e+00   1.9000000e+01   2.6000000e+01   1.4700000e+01
   1.4550000e+01   4.7160000e+01   2.0160000e+03   5.0000000e+00   1.7000000e+01   2.0000000e+00   1.0000000e+01   0.0000000e+00   5.2000000e+01   2.0100000e+01
   1.4910000e+01   4.1150000e+01   2.0160000e+03   5.0000000e+00   1.7000000e+01   2.6000000e+00   1.1000000e+01   8.0000000e+00   4.5000000e+01   3.1100000e+01
   1.5650000e+01   3.8710000e+01   2.0160000e+03   5.0000000e+00   1.8000000e+01   2.6000000e+00   9.0000000e+00   1.0000000e+00   5.9000000e+01   2.0800000e+01
   1.0190000e+01   4.4160000e+01   2.0160000e+03   5.0000000e+00   1.8000000e+01   3.1000000e+00   7.0000000e+00   9.0000000e+00   4.0000000e+01   4.9700000e+01
   7.3000000e+00   4.5540000e+01   2.0160000e+03   5.0000000e+00   1.8000000e+01   2.3000000e+00   2.0000000e+00   1.0000000e+01   5.3000000e+01   4.6400000e+01
   2.0010000e+01   4.1290000e+01   2.0160000e+03   5.0000000e+00   1.9000000e+01   2.1000000e+00   6.0000000e+00   7.0000000e+00   2.8000000e+01   5.5500000e+01
   1.9920000e+01   4.1680000e+01   2.0160000e+03   5.0000000e+00   2.0000000e+01   2.0000000e+00   2.0000000e+01   2.0000000e+00   5.2000000e+01   5.8400000e+01
   1.3180000e+01   4.7490000e+01   2.0160000e+03   5.0000000e+00   2.0000000e+01   3.1000000e+00   5.0000000e+00   1.3000000e+01   1.4000000e+01   4.5000000e+01
   1.9610000e+01   4.0140000e+01   2.0160000e+03   5.0000000e+00   2.0000000e+01   4.4000000e+00   1.0000000e+01   1.9000000e+01   4.9000000e+01   4.5400000e+01
   1.9660000e+01   4.0250000e+01   2.0160000e+03   5.0000000e+00   2.1000000e+01   2.4000000e+00   1.0000000e+01   1.0000000e+00   4.7000000e+01   1.1800000e+01
   7.4000000e+00   4.6270000e+01   2.0160000e+03   5.0000000e+00   2.1000000e+01   3.0000000e+00   8.0000000e+00   3.0000000e+00   4.9000000e+01   3.7900000e+01
   1.9410000e+01   4.1820000e+01   2.0160000e+03   5.0000000e+00   2.1000000e+01   2.4000000e+00   2.0000000e+00   6.0000000e+00   2.3000000e+01   3.5300000e+01
   1.4120000e+01   3.7780000e+01   2.0160000e+03   5.0000000e+00   2.1000000e+01   3.3000000e+00   9.0000000e+00   1.4000000e+01   2.7000000e+01   4.3300000e+01
   1.1550000e+01   4.4270000e+01   2.0160000e+03   5.0000000e+00   2.1000000e+01   2.7000000e+00   2.0000000e+01   1.4000000e+01   2.9000000e+01   3.7000000e+01
   1.4120000e+01   3.7800000e+01   2.0160000e+03   5.0000000e+00   2.1000000e+01   3.0000000e+00   8.0000000e+00   1.5000000e+01   5.3000000e+01   6.1000000e+00
   2.0240000e+01   4.1110000e+01   2.0160000e+03   5.0000000e+00   2.1000000e+01   2.4000000e+00   2.0000000e+01   1.9000000e+01   6.0000000e+00   5.0200000e+01
   8.4400000e+00   4.6110000e+01   2.0160000e+03   5.0000000e+00   2.1000000e+01   2.1000000e+00   1.2000000e+01   2.2000000e+01   5.9000000e+01   4.8500000e+01
   1.9820000e+01   4.0110000e+01   2.0160000e+03   5.0000000e+00   2.2000000e+01   2.5000000e+00   1.5000000e+01   5.0000000e+00   1.0000000e+00   1.7000000e+01
   1.4280000e+01   3.7930000e+01   2.0160000e+03   5.0000000e+00   2.2000000e+01   2.3000000e+00   1.0000000e+01   7.0000000e+00   8.0000000e+00   5.6500000e+01
   2.0320000e+01   4.1910000e+01   2.0160000e+03   5.0000000e+00   2.2000000e+01   2.3000000e+00   3.0000000e+00   1.5000000e+01   7.0000000e+00   4.7200000e+01
   2.0330000e+01   4.1990000e+01   2.0160000e+03   5.0000000e+00   2.2000000e+01   3.0000000e+00   5.0000000e+00   2.3000000e+01   4.0000000e+01   1.6700000e+01
   1.4780000e+01   4.6070000e+01   2.0160000e+03   5.0000000e+00   2.3000000e+01   2.8000000e+00   2.0000000e+00   0.0000000e+00   1.0000000e+01   3.8000000e+01
   1.5830000e+01   4.7730000e+01   2.0160000e+03   5.0000000e+00   2.3000000e+01   2.3000000e+00   2.0000000e+00   1.2000000e+01   2.6000000e+01   4.3700000e+01
   2.0450000e+01   4.1780000e+01   2.0160000e+03   5.0000000e+00   2.3000000e+01   3.0000000e+00   3.0000000e+00   1.7000000e+01   4.3000000e+01   3.1200000e+01
   1.2880000e+01   4.2460000e+01   2.0160000e+03   5.0000000e+00   2.3000000e+01   2.8000000e+00   8.0000000e+00   2.1000000e+01   3.8000000e+01   1.9900000e+01
   7.4900000e+00   4.4260000e+01   2.0160000e+03   5.0000000e+00   2.4000000e+01   2.6000000e+00   1.0000000e+01   1.9000000e+01   4.6000000e+01   2.6800000e+01
   1.4270000e+01   3.8540000e+01   2.0160000e+03   5.0000000e+00   2.4000000e+01   2.4000000e+00   1.0000000e+01   2.3000000e+01   2.0000000e+00   1.8000000e+01
   1.8260000e+01   4.3070000e+01   2.0160000e+03   5.0000000e+00   2.5000000e+01   2.4000000e+00   1.0000000e+01   1.0000000e+00   4.6000000e+01   1.9900000e+01
   1.6720000e+01   4.3850000e+01   2.0160000e+03   5.0000000e+00   2.5000000e+01   2.4000000e+00   2.0000000e+00   4.0000000e+00   6.0000000e+00   1.6000000e+01
   1.5620000e+01   4.4650000e+01   2.0160000e+03   5.0000000e+00   2.5000000e+01   3.0000000e+00   2.0000000e+00   2.0000000e+01   5.6000000e+01   4.5000000e+01
   1.4470000e+01   3.8550000e+01   2.0160000e+03   5.0000000e+00   2.6000000e+01   2.5000000e+00   9.0000000e+00   1.2000000e+01   4.0000000e+01   1.6700000e+01
   1.6920000e+01   4.3810000e+01   2.0160000e+03   5.0000000e+00   2.6000000e+01   2.2000000e+00   4.0000000e+00   1.8000000e+01   3.9000000e+01   3.7000000e+01
   2.0150000e+01   4.1150000e+01   2.0160000e+03   5.0000000e+00   2.8000000e+01   3.0000000e+00   2.0000000e+01   1.0000000e+00   2.3000000e+01   3.4000000e+00
   1.9750000e+01   4.0910000e+01   2.0160000e+03   5.0000000e+00   2.8000000e+01   2.5000000e+00   1.0000000e+01   3.0000000e+00   1.3000000e+01   4.1000000e+01
   1.1300000e+01   4.4930000e+01   2.0160000e+03   5.0000000e+00   2.8000000e+01   3.2000000e+00   6.0000000e+00   3.0000000e+00   3.1000000e+01   4.0400000e+01
   1.4430000e+01   3.8230000e+01   2.0160000e+03   5.0000000e+00   3.0000000e+01   2.8000000e+00   6.0000000e+00   7.0000000e+00   4.2000000e+01   4.9300000e+01
   1.1960000e+01   4.2710000e+01   2.0160000e+03   5.0000000e+00   3.0000000e+01   4.4000000e+00   1.5000000e+01   2.0000000e+01   2.4000000e+01   2.0500000e+01
   1.1870000e+01   4.2730000e+01   2.0160000e+03   5.0000000e+00   3.1000000e+01   3.4000000e+00   7.0000000e+00   9.0000000e+00   2.2000000e+01   3.1500000e+01
   1.1860000e+01   4.2730000e+01   2.0160000e+03   5.0000000e+00   3.1000000e+01   2.6000000e+00   8.0000000e+00   9.0000000e+00   2.7000000e+01   5.8800000e+01
   1.9410000e+01   4.1850000e+01   2.0160000e+03   5.0000000e+00   3.1000000e+01   2.0000000e+00   1.2000000e+01   1.1000000e+01   2.5000000e+01   5.1700000e+01
   1.5130000e+01   4.1630000e+01   2.0160000e+03   5.0000000e+00   3.1000000e+01   2.8000000e+00   1.9000000e+01   1.1000000e+01   3.4000000e+01   2.2700000e+01
   1.1960000e+01   4.2690000e+01   2.0160000e+03   5.0000000e+00   3.1000000e+01   2.6000000e+00   5.0000000e+00   1.8000000e+01   2.4000000e+01   2.4600000e+01
   1.1870000e+01   4.2730000e+01   2.0160000e+03   5.0000000e+00   3.1000000e+01   2.4000000e+00   7.0000000e+00   2.0000000e+01   2.0000000e+00   2.2100000e+01
   1.1970000e+01   4.2700000e+01   2.0160000e+03   5.0000000e+00   3.1000000e+01   3.0000000e+00   4.0000000e+00   2.0000000e+01   3.1000000e+01   3.0700000e+01
   1.1990000e+01   4.2690000e+01   2.0160000e+03   5.0000000e+00   3.1000000e+01   2.5000000e+00   3.0000000e+00   2.1000000e+01   4.7000000e+01   3.4000000e+00
   1.1960000e+01   4.2700000e+01   2.0160000e+03   6.0000000e+00   2.0000000e+00   3.2000000e+00   5.0000000e+00   3.0000000e+00   2.7000000e+01   0.0000000e+00
   1.1980000e+01   4.2690000e+01   2.0160000e+03   6.0000000e+00   2.0000000e+00   2.2000000e+00   5.0000000e+00   3.0000000e+00   4.9000000e+01   2.2000000e+01
   1.4900000e+01   3.8360000e+01   2.0160000e+03   6.0000000e+00   3.0000000e+00   2.4000000e+00   1.2000000e+01   0.0000000e+00   4.7000000e+01   3.1200000e+01
   1.4690000e+01   3.7740000e+01   2.0160000e+03   6.0000000e+00   4.0000000e+00   2.3000000e+00   5.0000000e+00   1.0000000e+00   5.0000000e+01   2.2000000e+01
   1.6420000e+01   3.8900000e+01   2.0160000e+03   6.0000000e+00   6.0000000e+00   2.5000000e+00   6.0000000e+00   6.0000000e+00   6.0000000e+00   5.3800000e+01
   1.2620000e+01   4.7600000e+01   2.0160000e+03   6.0000000e+00   6.0000000e+00   2.0000000e+00   1.0000000e+01   9.0000000e+00   1.4000000e+01   5.3900000e+01
   1.7050000e+01   4.3100000e+01   2.0160000e+03   6.0000000e+00   6.0000000e+00   2.8000000e+00   2.0000000e+00   1.7000000e+01   2.8000000e+01   4.7300000e+01
   1.2900000e+01   4.2360000e+01   2.0160000e+03   6.0000000e+00   6.0000000e+00   2.3000000e+00   9.0000000e+00   2.2000000e+01   6.0000000e+00   2.1000000e+01
   1.5190000e+01   4.5820000e+01   2.0160000e+03   6.0000000e+00   7.0000000e+00   2.9000000e+00   2.0000000e+00   1.8000000e+01   1.0000000e+01   3.7600000e+01
   2.0320000e+01   4.1190000e+01   2.0160000e+03   6.0000000e+00   8.0000000e+00   2.3000000e+00   1.4000000e+01   1.8000000e+01   1.2000000e+01   4.5000000e+00
   2.0350000e+01   4.1200000e+01   2.0160000e+03   6.0000000e+00   8.0000000e+00   2.3000000e+00   2.0000000e+00   1.8000000e+01   1.6000000e+01   1.9200000e+01
   2.0340000e+01   4.1190000e+01   2.0160000e+03   6.0000000e+00   8.0000000e+00   2.2000000e+00   2.0000000e+00   1.8000000e+01   1.8000000e+01   5.7200000e+01
   1.4860000e+01   4.1220000e+01   2.0160000e+03   6.0000000e+00   9.0000000e+00   2.5000000e+00   1.0000000e+01   0.0000000e+00   1.1000000e+01   4.3100000e+01
   1.9530000e+01   4.1510000e+01   2.0160000e+03   6.0000000e+00   9.0000000e+00   2.2000000e+00   1.1000000e+01   1.0000000e+00   1.9000000e+01   4.8300000e+01
   1.4880000e+01   4.1220000e+01   2.0160000e+03   6.0000000e+00   9.0000000e+00   2.6000000e+00   9.0000000e+00   7.0000000e+00   1.4000000e+01   4.7200000e+01
   1.9810000e+01   4.0170000e+01   2.0160000e+03   6.0000000e+00   9.0000000e+00   2.3000000e+00   4.0000000e+00   1.0000000e+01   3.0000000e+01   4.1100000e+01
   1.0800000e+01   4.3420000e+01   2.0160000e+03   6.0000000e+00   9.0000000e+00   3.3000000e+00   1.4000000e+01   1.2000000e+01   1.0000000e+00   7.0000000e+00
   1.4860000e+01   4.1200000e+01   2.0160000e+03   6.0000000e+00   9.0000000e+00   2.6000000e+00   1.2000000e+01   1.7000000e+01   3.0000000e+01   4.1500000e+01
   1.4860000e+01   4.1210000e+01   2.0160000e+03   6.0000000e+00   9.0000000e+00   2.5000000e+00   1.0000000e+01   1.8000000e+01   1.6000000e+01   1.8300000e+01
   1.7980000e+01   4.3080000e+01   2.0160000e+03   6.0000000e+00   1.0000000e+01   2.8000000e+00   3.0000000e+00   2.1000000e+01   3.0000000e+00   5.5000000e+01
   1.9860000e+01   4.0100000e+01   2.0160000e+03   6.0000000e+00   1.1000000e+01   2.3000000e+00   1.8000000e+01   2.0000000e+00   1.1000000e+01   4.4900000e+01
   1.4850000e+01   3.8450000e+01   2.0160000e+03   6.0000000e+00   1.1000000e+01   2.6000000e+00   1.3000000e+01   8.0000000e+00   6.0000000e+00   4.5000000e+01
   1.9910000e+01   4.0180000e+01   2.0160000e+03   6.0000000e+00   1.1000000e+01   2.3000000e+00   1.4000000e+01   1.5000000e+01   2.4000000e+01   1.8300000e+01
   1.5790000e+01   4.2470000e+01   2.0160000e+03   6.0000000e+00   1.1000000e+01   2.7000000e+00   1.0000000e+01   1.5000000e+01   5.5000000e+01   5.8500000e+01
   1.4870000e+01   4.1210000e+01   2.0160000e+03   6.0000000e+00   1.2000000e+01   2.9000000e+00   1.0000000e+01   7.0000000e+00   3.5000000e+01   1.5000000e+01
   1.0200000e+01   4.4500000e+01   2.0160000e+03   6.0000000e+00   1.2000000e+01   3.2000000e+00   1.9000000e+01   7.0000000e+00   4.2000000e+01   2.6000000e+01
   1.4840000e+01   4.1200000e+01   2.0160000e+03   6.0000000e+00   1.2000000e+01   2.7000000e+00   1.1000000e+01   8.0000000e+00   5.6000000e+01   1.1000000e+01
   1.9810000e+01   4.0140000e+01   2.0160000e+03   6.0000000e+00   1.3000000e+01   2.2000000e+00   2.0000000e+00   1.0000000e+00   2.5000000e+01   4.8000000e+01
   1.9850000e+01   4.0120000e+01   2.0160000e+03   6.0000000e+00   1.3000000e+01   2.9000000e+00   2.0000000e+00   2.3000000e+01   1.4000000e+01   5.4900000e+01
   1.9670000e+01   4.0240000e+01   2.0160000e+03   6.0000000e+00   1.4000000e+01   2.5000000e+00   2.8000000e+01   2.0000000e+00   2.9000000e+01   4.7600000e+01
   1.3060000e+01   4.3910000e+01   2.0160000e+03   6.0000000e+00   1.4000000e+01   2.6000000e+00   3.4000000e+01   7.0000000e+00   1.1000000e+01   4.0200000e+01
   9.2000000e+00   4.5500000e+01   2.0160000e+03   6.0000000e+00   1.5000000e+01   2.6000000e+00   2.0000000e+01   2.0000000e+00   2.7000000e+01   4.2400000e+01
   2.0260000e+01   4.1350000e+01   2.0160000e+03   6.0000000e+00   1.6000000e+01   2.0000000e+00   3.0000000e+00   3.0000000e+00   1.7000000e+01   5.2400000e+01
   9.8500000e+00   4.4800000e+01   2.0160000e+03   6.0000000e+00   1.7000000e+01   3.1000000e+00   3.1000000e+01   2.0000000e+00   3.0000000e+01   2.9200000e+01
   2.0340000e+01   4.1490000e+01   2.0160000e+03   6.0000000e+00   1.7000000e+01   2.4000000e+00   2.5000000e+01   4.0000000e+00   1.6000000e+01   5.9800000e+01
   7.7000000e+00   4.6600000e+01   2.0160000e+03   6.0000000e+00   1.7000000e+01   2.9000000e+00   6.0000000e+00   1.2000000e+01   6.0000000e+00   4.5900000e+01
   1.9970000e+01   4.0600000e+01   2.0160000e+03   6.0000000e+00   1.8000000e+01   2.5000000e+00   1.3000000e+01   4.0000000e+00   5.7000000e+01   3.5900000e+01
   1.7810000e+01   4.4620000e+01   2.0160000e+03   6.0000000e+00   1.8000000e+01   2.6000000e+00   2.0000000e+00   7.0000000e+00   2.3000000e+01   3.6600000e+01
   2.0210000e+01   4.1440000e+01   2.0160000e+03   6.0000000e+00   1.8000000e+01   2.6000000e+00   2.0000000e+00   9.0000000e+00   3.0000000e+01   3.2000000e+01
   1.9790000e+01   4.0090000e+01   2.0160000e+03   6.0000000e+00   1.8000000e+01   2.3000000e+00   2.0000000e+00   1.4000000e+01   1.0000000e+01   4.3600000e+01
   1.5050000e+01   3.8260000e+01   2.0160000e+03   6.0000000e+00   1.9000000e+01   2.9000000e+00   1.4000000e+01   7.0000000e+00   5.5000000e+01   2.7900000e+01
   7.6100000e+00   4.5350000e+01   2.0160000e+03   6.0000000e+00   1.9000000e+01   2.8000000e+00   2.0000000e+00   1.6000000e+01   5.2000000e+01   5.2700000e+01
   1.8260000e+01   4.3070000e+01   2.0160000e+03   6.0000000e+00   1.9000000e+01   2.8000000e+00   4.0000000e+00   2.1000000e+01   1.0000000e+01   5.9000000e+01
   1.5870000e+01   3.7720000e+01   2.0160000e+03   6.0000000e+00   1.9000000e+01   2.6000000e+00   3.3000000e+01   2.3000000e+01   4.0000000e+01   3.2800000e+01
   1.8350000e+01   4.4080000e+01   2.0160000e+03   6.0000000e+00   2.0000000e+01   2.2000000e+00   3.0000000e+00   6.0000000e+00   5.4000000e+01   2.8000000e+01
   1.2290000e+01   4.5950000e+01   2.0160000e+03   6.0000000e+00   2.1000000e+01   2.6000000e+00   2.0000000e+00   0.0000000e+00   5.5000000e+01   4.7100000e+01
   1.3270000e+01   4.2460000e+01   2.0160000e+03   6.0000000e+00   2.1000000e+01   2.8000000e+00   1.4000000e+01   7.0000000e+00   3.8000000e+01   3.3000000e+00
   1.6060000e+01   3.8420000e+01   2.0160000e+03   6.0000000e+00   2.1000000e+01   3.1000000e+00   8.0000000e+00   1.6000000e+01   2.0000000e+00   3.1200000e+01
   1.5680000e+01   4.0910000e+01   2.0160000e+03   6.0000000e+00   2.1000000e+01   2.7000000e+00   9.0000000e+00   2.2000000e+01   5.1000000e+01   5.7000000e+00
   7.1700000e+00   4.5900000e+01   2.0160000e+03   6.0000000e+00   2.2000000e+01   2.3000000e+00   8.0000000e+00   2.2000000e+01   4.5000000e+01   3.2800000e+01
   1.9390000e+01   4.4030000e+01   2.0160000e+03   6.0000000e+00   2.2000000e+01   2.1000000e+00   4.0000000e+00   2.3000000e+01   2.8000000e+01   5.3000000e+01
   1.9390000e+01   4.4020000e+01   2.0160000e+03   6.0000000e+00   2.3000000e+01   2.6000000e+00   5.0000000e+00   1.1000000e+01   2.8000000e+01   2.0000000e+00
   9.9100000e+00   4.4170000e+01   2.0160000e+03   6.0000000e+00   2.3000000e+01   4.2000000e+00   9.0000000e+00   1.4000000e+01   3.7000000e+01   5.6900000e+01
   1.1180000e+01   4.3410000e+01   2.0160000e+03   6.0000000e+00   2.3000000e+01   2.9000000e+00   9.0000000e+00   1.5000000e+01   3.7000000e+01   5.2000000e+00
   1.4180000e+01   3.8720000e+01   2.0160000e+03   6.0000000e+00   2.4000000e+01   3.1000000e+00   2.8000000e+01   1.0000000e+00   2.1000000e+01   4.0500000e+01
   7.4000000e+00   4.6260000e+01   2.0160000e+03   6.0000000e+00   2.4000000e+01   3.1000000e+00   8.0000000e+00   4.0000000e+00   1.2000000e+01   1.7000000e+01
   1.9350000e+01   4.0320000e+01   2.0160000e+03   6.0000000e+00   2.4000000e+01   2.3000000e+00   9.0000000e+00   2.1000000e+01   4.7000000e+01   4.6900000e+01
   1.3420000e+01   4.3490000e+01   2.0160000e+03   6.0000000e+00   2.5000000e+01   3.6000000e+00   3.0000000e+01   1.0000000e+00   1.2000000e+01   5.3200000e+01
   7.2500000e+00   4.4990000e+01   2.0160000e+03   6.0000000e+00   2.5000000e+01   2.6000000e+00   2.0000000e+00   5.0000000e+00   1.2000000e+01   1.8900000e+01
   1.9350000e+01   4.2380000e+01   2.0160000e+03   6.0000000e+00   2.5000000e+01   2.8000000e+00   2.3000000e+01   1.4000000e+01   3.0000000e+01   2.1000000e+01
   1.1550000e+01   3.7230000e+01   2.0160000e+03   6.0000000e+00   2.6000000e+01   3.3000000e+00   1.3000000e+01   4.0000000e+00   2.7000000e+01   3.5700000e+01
   1.9030000e+01   4.1280000e+01   2.0160000e+03   6.0000000e+00   2.7000000e+01   2.3000000e+00   4.2000000e+01   2.0000000e+00   4.0000000e+01   7.3000000e+00
   7.3800000e+00   4.4510000e+01   2.0160000e+03   6.0000000e+00   2.7000000e+01   2.6000000e+00   2.0000000e+00   1.7000000e+01   5.9000000e+01   4.2300000e+01
   1.4030000e+01   4.1320000e+01   2.0160000e+03   6.0000000e+00   2.8000000e+01   3.5000000e+00   7.0000000e+00   2.0000000e+00   3.3000000e+01   4.3200000e+01
   1.4030000e+01   4.1310000e+01   2.0160000e+03   6.0000000e+00   2.8000000e+01   2.4000000e+00   2.0000000e+00   2.0000000e+00   3.6000000e+01   6.7000000e+00
   6.3700000e+00   4.4040000e+01   2.0160000e+03   6.0000000e+00   2.8000000e+01   3.0000000e+00   8.0000000e+00   6.0000000e+00   4.8000000e+01   3.6600000e+01
   1.9330000e+01   4.3540000e+01   2.0160000e+03   6.0000000e+00   2.8000000e+01   2.8000000e+00   4.0000000e+00   1.9000000e+01   5.0000000e+01   7.0000000e+00
   6.3800000e+00   4.4040000e+01   2.0160000e+03   6.0000000e+00   2.9000000e+01   2.7000000e+00   5.0000000e+00   0.0000000e+00   1.3000000e+01   4.0400000e+01
   7.2700000e+00   4.6300000e+01   2.0160000e+03   6.0000000e+00   2.9000000e+01   2.1000000e+00   4.0000000e+00   1.9000000e+01   4.6000000e+01   4.4300000e+01
   1.2390000e+01   4.3530000e+01   2.0160000e+03   6.0000000e+00   2.9000000e+01   2.2000000e+00   8.0000000e+00   2.0000000e+01   4.9000000e+01   4.2800000e+01
   1.6290000e+01   4.6190000e+01   2.0160000e+03   6.0000000e+00   3.0000000e+01   3.2000000e+00   1.1000000e+01   1.2000000e+01   2.3000000e+01   3.2000000e+00
   1.6270000e+01   4.6180000e+01   2.0160000e+03   6.0000000e+00   3.0000000e+01   2.4000000e+00   5.0000000e+00   1.7000000e+01   4.9000000e+01   8.4000000e+00
   1.5520000e+01   4.5860000e+01   2.0160000e+03   7.0000000e+00   1.0000000e+00   2.1000000e+00   2.0000000e+00   7.0000000e+00   1.6000000e+01   6.9000000e+00
   1.9380000e+01   4.1930000e+01   2.0160000e+03   7.0000000e+00   2.0000000e+00   2.2000000e+00   1.1000000e+01   1.5000000e+01   4.8000000e+01   1.7900000e+01
   1.9580000e+01   4.1480000e+01   2.0160000e+03   7.0000000e+00   2.0000000e+00   2.2000000e+00   1.5000000e+01   2.2000000e+01   1.8000000e+01   4.4700000e+01
   2.0280000e+01   4.1590000e+01   2.0160000e+03   7.0000000e+00   2.0000000e+00   2.2000000e+00   1.4000000e+01   2.3000000e+01   5.3000000e+01   3.9900000e+01
   1.9430000e+01   4.1780000e+01   2.0160000e+03   7.0000000e+00   3.0000000e+00   2.6000000e+00   2.0000000e+01   1.4000000e+01   1.2000000e+01   2.3800000e+01
   1.4150000e+01   4.1870000e+01   2.0160000e+03   7.0000000e+00   3.0000000e+00   3.2000000e+00   1.1000000e+01   1.5000000e+01   4.4000000e+01   4.4400000e+01
   1.1010000e+01   4.3120000e+01   2.0160000e+03   7.0000000e+00   3.0000000e+00   3.0000000e+00   9.0000000e+00   2.2000000e+01   5.3000000e+01   1.2000000e+01
   1.1220000e+01   4.4930000e+01   2.0160000e+03   7.0000000e+00   4.0000000e+00   3.6000000e+00   5.0000000e+00   1.1000000e+01   3.7000000e+01   2.3400000e+01
   2.0310000e+01   4.1260000e+01   2.0160000e+03   7.0000000e+00   4.0000000e+00   3.1000000e+00   2.0000000e+00   1.8000000e+01   2.0000000e+00   1.8300000e+01
   2.0020000e+01   4.1320000e+01   2.0160000e+03   7.0000000e+00   5.0000000e+00   2.7000000e+00   4.0000000e+00   3.0000000e+00   2.0000000e+00   1.2700000e+01
   1.6570000e+01   4.4020000e+01   2.0160000e+03   7.0000000e+00   5.0000000e+00   2.0000000e+00   4.0000000e+00   7.0000000e+00   1.1000000e+01   1.3000000e+01
   7.6300000e+00   4.5270000e+01   2.0160000e+03   7.0000000e+00   5.0000000e+00   2.8000000e+00   3.6000000e+01   2.2000000e+01   5.3000000e+01   1.9600000e+01
   1.9350000e+01   4.0390000e+01   2.0160000e+03   7.0000000e+00   6.0000000e+00   2.6000000e+00   1.8000000e+01   0.0000000e+00   5.3000000e+01   4.6600000e+01
   1.8570000e+01   4.3740000e+01   2.0160000e+03   7.0000000e+00   6.0000000e+00   2.7000000e+00   6.0000000e+00   3.0000000e+00   5.8000000e+01   5.3000000e+01
   1.7380000e+01   4.3410000e+01   2.0160000e+03   7.0000000e+00   7.0000000e+00   2.3000000e+00   4.0000000e+00   4.0000000e+00   1.3000000e+01   1.1000000e+01
   9.9200000e+00   4.4150000e+01   2.0160000e+03   7.0000000e+00   7.0000000e+00   2.7000000e+00   9.0000000e+00   1.0000000e+01   2.5000000e+01   5.3000000e+01
   1.6780000e+01   4.1650000e+01   2.0160000e+03   7.0000000e+00   9.0000000e+00   2.7000000e+00   9.0000000e+00   1.7000000e+01   3.7000000e+01   5.2900000e+01
   1.5220000e+01   4.1100000e+01   2.0160000e+03   7.0000000e+00   1.0000000e+01   3.0000000e+00   1.8000000e+01   0.0000000e+00   3.7000000e+01   6.7000000e+00
   6.6900000e+00   4.5340000e+01   2.0160000e+03   7.0000000e+00   1.0000000e+01   3.3000000e+00   5.0000000e+00   1.4000000e+01   2.9000000e+01   1.6400000e+01
   1.4770000e+01   3.7550000e+01   2.0160000e+03   7.0000000e+00   1.1000000e+01   2.6000000e+00   1.1000000e+01   1.1000000e+01   1.6000000e+01   2.8000000e+00
   1.0140000e+01   4.5630000e+01   2.0160000e+03   7.0000000e+00   1.1000000e+01   2.4000000e+00   5.0000000e+00   1.9000000e+01   3.6000000e+01   4.4000000e+00
   1.2910000e+01   4.3650000e+01   2.0160000e+03   7.0000000e+00   1.2000000e+01   2.7000000e+00   3.7000000e+01   5.0000000e+00   1.9000000e+01   1.7000000e+00
   2.0210000e+01   4.1390000e+01   2.0160000e+03   7.0000000e+00   1.2000000e+01   3.2000000e+00   5.0000000e+00   2.1000000e+01   5.4000000e+01   5.0600000e+01
   1.7600000e+01   4.3310000e+01   2.0160000e+03   7.0000000e+00   1.3000000e+01   3.1000000e+00   2.0000000e+00   6.0000000e+00   1.7000000e+01   3.3300000e+01
   1.4160000e+01   4.5900000e+01   2.0160000e+03   7.0000000e+00   1.3000000e+01   2.2000000e+00   1.6000000e+01   7.0000000e+00   3.0000000e+01   1.1200000e+01
   1.0260000e+01   4.3860000e+01   2.0160000e+03   7.0000000e+00   1.3000000e+01   2.5000000e+00   5.0000000e+00   9.0000000e+00   1.7000000e+01   6.5000000e+00
   1.1100000e+01   4.4260000e+01   2.0160000e+03   7.0000000e+00   1.3000000e+01   2.6000000e+00   5.0000000e+01   1.1000000e+01   4.2000000e+01   1.0600000e+01
   1.0180000e+01   4.4540000e+01   2.0160000e+03   7.0000000e+00   1.4000000e+01   2.2000000e+00   2.2000000e+01   1.0000000e+01   1.0000000e+00   2.7900000e+01
   1.8280000e+01   4.2670000e+01   2.0160000e+03   7.0000000e+00   1.4000000e+01   2.6000000e+00   2.0000000e+00   1.8000000e+01   5.7000000e+01   5.7200000e+01
   2.0160000e+01   4.1810000e+01   2.0160000e+03   7.0000000e+00   1.7000000e+01   2.2000000e+00   2.4000000e+01   4.0000000e+00   4.1000000e+01   5.7200000e+01
   1.9800000e+01   4.0110000e+01   2.0160000e+03   7.0000000e+00   1.7000000e+01   2.9000000e+00   9.0000000e+00   1.3000000e+01   8.0000000e+00   1.7500000e+01
   1.3670000e+01   3.8470000e+01   2.0160000e+03   7.0000000e+00   1.7000000e+01   3.1000000e+00   1.0000000e+01   2.3000000e+01   2.2000000e+01   3.6200000e+01
   2.0150000e+01   4.1070000e+01   2.0160000e+03   7.0000000e+00   1.7000000e+01   2.7000000e+00   2.0000000e+00   2.3000000e+01   2.9000000e+01   3.8000000e+01
   2.0170000e+01   4.1070000e+01   2.0160000e+03   7.0000000e+00   1.8000000e+01   2.4000000e+00   2.0000000e+00   0.0000000e+00   2.1000000e+01   2.9000000e+01
   2.0080000e+01   4.1200000e+01   2.0160000e+03   7.0000000e+00   1.8000000e+01   2.4000000e+00   2.5000000e+01   0.0000000e+00   4.4000000e+01   1.0900000e+01
   1.7280000e+01   4.4330000e+01   2.0160000e+03   7.0000000e+00   1.8000000e+01   2.5000000e+00   3.0000000e+00   1.0000000e+00   1.3000000e+01   3.0000000e+00
   2.0130000e+01   4.1040000e+01   2.0160000e+03   7.0000000e+00   1.8000000e+01   2.3000000e+00   8.0000000e+00   2.0000000e+00   5.7000000e+01   5.5700000e+01
   1.3070000e+01   4.6420000e+01   2.0160000e+03   7.0000000e+00   1.9000000e+01   2.5000000e+00   1.2000000e+01   2.2000000e+01   3.6000000e+01   4.9600000e+01
   1.4870000e+01   4.4940000e+01   2.0160000e+03   7.0000000e+00   2.0000000e+01   3.3000000e+00   2.0000000e+00   6.0000000e+00   3.6000000e+01   3.7100000e+01
   1.5480000e+01   4.0630000e+01   2.0160000e+03   7.0000000e+00   2.0000000e+01   2.2000000e+00   6.0000000e+00   1.0000000e+01   2.6000000e+01   5.9200000e+01
   1.8430000e+01   4.4570000e+01   2.0160000e+03   7.0000000e+00   2.0000000e+01   2.1000000e+00   2.0000000e+00   2.2000000e+01   2.4000000e+01   4.1200000e+01
   1.9710000e+01   4.0570000e+01   2.0160000e+03   7.0000000e+00   2.2000000e+01   2.8000000e+00   2.5000000e+01   0.0000000e+00   1.5000000e+01   2.6900000e+01
   1.9690000e+01   4.0650000e+01   2.0160000e+03   7.0000000e+00   2.2000000e+01   2.5000000e+00   5.0000000e+00   0.0000000e+00   2.2000000e+01   2.5100000e+01
   1.1220000e+01   4.7330000e+01   2.0160000e+03   7.0000000e+00   2.2000000e+01   2.3000000e+00   2.0000000e+00   1.0000000e+01   2.0000000e+01   1.1000000e+00
   1.1210000e+01   4.7350000e+01   2.0160000e+03   7.0000000e+00   2.2000000e+01   2.1000000e+00   5.0000000e+00   1.0000000e+01   4.3000000e+01   4.6000000e+00
   1.1190000e+01   4.7290000e+01   2.0160000e+03   7.0000000e+00   2.2000000e+01   2.8000000e+00   8.0000000e+00   1.1000000e+01   2.8000000e+01   2.2500000e+01
   1.1240000e+01   4.7390000e+01   2.0160000e+03   7.0000000e+00   2.2000000e+01   3.0000000e+00   5.0000000e+00   1.1000000e+01   5.8000000e+01   1.4000000e+00
   1.1180000e+01   4.7360000e+01   2.0160000e+03   7.0000000e+00   2.2000000e+01   2.7000000e+00   2.0000000e+00   1.2000000e+01   6.0000000e+00   2.0800000e+01
   2.0480000e+01   4.1700000e+01   2.0160000e+03   7.0000000e+00   2.3000000e+01   2.0000000e+00   2.6000000e+01   6.0000000e+00   1.3000000e+01   2.3400000e+01
   1.9460000e+01   4.0220000e+01   2.0160000e+03   7.0000000e+00   2.4000000e+01   2.6000000e+00   1.0000000e+00   1.0000000e+00   7.0000000e+00   1.0000000e+01
   1.8840000e+01   4.3290000e+01   2.0160000e+03   7.0000000e+00   2.4000000e+01   2.0000000e+00   1.0000000e+01   9.0000000e+00   1.0000000e+01   4.6000000e+01
   7.6400000e+00   4.3730000e+01   2.0160000e+03   7.0000000e+00   2.5000000e+01   3.6000000e+00   5.0000000e+00   2.0000000e+00   2.7000000e+01   4.3700000e+01
   1.1200000e+01   4.7380000e+01   2.0160000e+03   7.0000000e+00   2.5000000e+01   3.5000000e+00   5.0000000e+00   1.2000000e+01   5.0000000e+00   2.9500000e+01
   1.1420000e+01   4.4200000e+01   2.0160000e+03   7.0000000e+00   2.5000000e+01   2.5000000e+00   9.0000000e+00   1.9000000e+01   1.0000000e+00   2.3800000e+01
   1.8880000e+01   4.2660000e+01   2.0160000e+03   7.0000000e+00   2.7000000e+01   2.2000000e+00   2.0000000e+01   2.0000000e+00   5.6000000e+01   2.1100000e+01
   1.7450000e+01   4.3330000e+01   2.0160000e+03   7.0000000e+00   2.7000000e+01   2.5000000e+00   2.0000000e+00   5.0000000e+00   4.4000000e+01   5.2000000e+00
   6.9200000e+00   4.4510000e+01   2.0160000e+03   7.0000000e+00   2.7000000e+01   2.6000000e+00   2.0000000e+00   1.6000000e+01   4.3000000e+01   2.0500000e+01
   1.5990000e+01   4.2130000e+01   2.0160000e+03   7.0000000e+00   2.8000000e+01   3.6000000e+00   1.0000000e+01   1.3000000e+01   2.7000000e+01   4.3800000e+01
   1.5670000e+01   4.0030000e+01   2.0160000e+03   7.0000000e+00   2.9000000e+01   2.6000000e+00   1.0000000e+01   1.7000000e+01   5.1000000e+01   4.0900000e+01
   2.0300000e+01   4.1220000e+01   2.0160000e+03   7.0000000e+00   2.9000000e+01   2.3000000e+00   3.0000000e+00   1.8000000e+01   6.0000000e+00   4.6000000e+01
   1.8810000e+01   4.3690000e+01   2.0160000e+03   7.0000000e+00   2.9000000e+01   3.9000000e+00   6.0000000e+00   2.2000000e+01   3.8000000e+01   3.5000000e+01
   1.6420000e+01   4.0830000e+01   2.0160000e+03   7.0000000e+00   3.0000000e+01   2.5000000e+00   8.0000000e+00   2.0000000e+01   1.0000000e+00   1.1400000e+01
   7.2100000e+00   4.4940000e+01   2.0160000e+03   7.0000000e+00   3.0000000e+01   4.1000000e+00   1.1000000e+01   2.0000000e+01   2.1000000e+01   3.8200000e+01
   1.1770000e+01   4.7330000e+01   2.0160000e+03   7.0000000e+00   3.0000000e+01   2.7000000e+00   2.0000000e+00   2.0000000e+01   4.0000000e+01   3.8000000e+00
   1.6420000e+01   4.0860000e+01   2.0160000e+03   7.0000000e+00   3.1000000e+01   2.7000000e+00   5.0000000e+00   0.0000000e+00   1.4000000e+01   4.1300000e+01
   1.2580000e+01   4.3790000e+01   2.0160000e+03   7.0000000e+00   3.1000000e+01   2.5000000e+00   4.0000000e+01   1.0000000e+00   7.0000000e+00   5.4000000e+01
   1.5670000e+01   4.0030000e+01   2.0160000e+03   7.0000000e+00   3.1000000e+01   2.7000000e+00   1.0000000e+01   1.7000000e+01   2.5000000e+01   7.1000000e+00
   1.6780000e+01   4.1650000e+01   2.0160000e+03   8.0000000e+00   1.0000000e+00   2.6000000e+00   7.0000000e+00   1.4000000e+01   3.0000000e+00   3.3000000e+01
   1.3750000e+01   4.3560000e+01   2.0160000e+03   8.0000000e+00   5.0000000e+00   2.6000000e+00   6.0000000e+00   2.0000000e+01   1.8000000e+01   1.7000000e+01
   1.9870000e+01   4.0480000e+01   2.0160000e+03   8.0000000e+00   6.0000000e+00   2.0000000e+00   1.8000000e+01   1.3000000e+01   3.0000000e+00   4.6100000e+01
   1.9750000e+01   3.9950000e+01   2.0160000e+03   8.0000000e+00   6.0000000e+00   2.3000000e+00   1.4000000e+01   2.0000000e+01   4.4000000e+01   2.5000000e+00
   2.0290000e+01   4.1410000e+01   2.0160000e+03   8.0000000e+00   6.0000000e+00   2.0000000e+00   2.0000000e+00   2.3000000e+01   5.1000000e+01   1.3500000e+01
   1.5800000e+01   4.6040000e+01   2.0160000e+03   8.0000000e+00   8.0000000e+00   2.0000000e+00   1.0000000e+00   6.0000000e+00   2.7000000e+01   3.3200000e+01
   2.0100000e+01   4.1830000e+01   2.0160000e+03   8.0000000e+00   8.0000000e+00   2.5000000e+00   2.0000000e+00   1.8000000e+01   2.2000000e+01   2.8200000e+01
   2.0270000e+01   4.1740000e+01   2.0160000e+03   8.0000000e+00   9.0000000e+00   3.3000000e+00   2.0000000e+00   8.0000000e+00   4.0000000e+00   1.1600000e+01
   2.0260000e+01   4.1710000e+01   2.0160000e+03   8.0000000e+00   9.0000000e+00   2.2000000e+00   5.0000000e+00   8.0000000e+00   1.9000000e+01   4.7600000e+01
   1.4870000e+01   4.1780000e+01   2.0160000e+03   8.0000000e+00   9.0000000e+00   3.7000000e+00   2.2000000e+01   1.9000000e+01   5.2000000e+01   5.3700000e+01
   1.8900000e+01   4.3180000e+01   2.0160000e+03   8.0000000e+00   1.0000000e+01   2.6000000e+00   5.0000000e+00   1.0000000e+00   1.3000000e+01   2.0200000e+01
   1.2970000e+01   4.6400000e+01   2.0160000e+03   8.0000000e+00   1.0000000e+01   3.0000000e+00   6.0000000e+00   2.0000000e+00   3.8000000e+01   5.2000000e+00
   1.2940000e+01   4.6390000e+01   2.0160000e+03   8.0000000e+00   1.0000000e+01   3.1000000e+00   1.1000000e+01   4.0000000e+00   5.2000000e+01   4.7700000e+01
   1.0990000e+01   4.4330000e+01   2.0160000e+03   8.0000000e+00   1.0000000e+01   2.7000000e+00   1.9000000e+01   1.6000000e+01   4.6000000e+01   3.3700000e+01
   1.8900000e+01   4.3250000e+01   2.0160000e+03   8.0000000e+00   1.0000000e+01   2.3000000e+00   1.0000000e+01   2.3000000e+01   4.8000000e+01   4.0300000e+01
   1.6070000e+01   3.8580000e+01   2.0160000e+03   8.0000000e+00   1.1000000e+01   3.0000000e+00   9.0000000e+00   5.0000000e+00   4.2000000e+01   2.6000000e+01
   1.9520000e+01   4.0800000e+01   2.0160000e+03   8.0000000e+00   1.2000000e+01   2.4000000e+00   3.0000000e+00   7.0000000e+00   3.9000000e+01   5.0500000e+01
   1.6140000e+01   4.7710000e+01   2.0160000e+03   8.0000000e+00   1.2000000e+01   2.2000000e+00   3.0000000e+00   2.3000000e+01   3.9000000e+01   3.4000000e+01
   1.3460000e+01   3.8420000e+01   2.0160000e+03   8.0000000e+00   1.3000000e+01   2.7000000e+00   1.7000000e+01   1.3000000e+01   3.3000000e+01   8.5000000e+00
   1.4490000e+01   3.8480000e+01   2.0160000e+03   8.0000000e+00   1.3000000e+01   2.7000000e+00   1.0000000e+01   1.4000000e+01   1.7000000e+01   3.2000000e+01
   7.4000000e+00   4.6260000e+01   2.0160000e+03   8.0000000e+00   1.5000000e+01   2.2000000e+00   8.0000000e+00   1.0000000e+01   2.0000000e+01   5.0900000e+01
   2.0370000e+01   4.2030000e+01   2.0160000e+03   8.0000000e+00   1.5000000e+01   2.5000000e+00   1.0000000e+01   1.3000000e+01   9.0000000e+00   1.9000000e+01
   6.9700000e+00   4.5610000e+01   2.0160000e+03   8.0000000e+00   1.6000000e+01   2.2000000e+00   2.0000000e+00   5.0000000e+00   4.2000000e+01   5.9300000e+01
   1.7340000e+01   4.3450000e+01   2.0160000e+03   8.0000000e+00   1.6000000e+01   3.1000000e+00   2.0000000e+00   7.0000000e+00   5.6000000e+01   1.5500000e+01
   1.2780000e+01   4.3360000e+01   2.0160000e+03   8.0000000e+00   1.6000000e+01   2.7000000e+00   4.9000000e+01   1.1000000e+01   3.9000000e+01   3.3800000e+01
   1.9670000e+01   4.1030000e+01   2.0160000e+03   8.0000000e+00   1.6000000e+01   2.3000000e+00   8.0000000e+00   1.4000000e+01   3.8000000e+01   4.1400000e+01
   1.9660000e+01   4.0430000e+01   2.0160000e+03   8.0000000e+00   1.7000000e+01   3.3000000e+00   2.0000000e+00   1.2000000e+01   2.6000000e+01   4.6400000e+01
   1.9810000e+01   4.0910000e+01   2.0160000e+03   8.0000000e+00   1.7000000e+01   2.5000000e+00   1.9000000e+01   2.2000000e+01   0.0000000e+00   5.5100000e+01
   1.2280000e+01   3.8500000e+01   2.0160000e+03   8.0000000e+00   1.9000000e+01   3.4000000e+00   1.7000000e+01   6.0000000e+00   4.2000000e+01   1.5300000e+01
   1.7500000e+01   4.3000000e+01   2.0160000e+03   8.0000000e+00   1.9000000e+01   3.1000000e+00   2.0000000e+00   1.0000000e+01   2.0000000e+00   1.8600000e+01
   1.9630000e+01   4.0400000e+01   2.0160000e+03   8.0000000e+00   1.9000000e+01   2.4000000e+00   2.2000000e+01   2.3000000e+01   3.8000000e+01   1.9100000e+01
   1.9650000e+01   4.0380000e+01   2.0160000e+03   8.0000000e+00   1.9000000e+01   2.8000000e+00   2.0000000e+00   2.3000000e+01   3.9000000e+01   4.5100000e+01
   1.9880000e+01   4.0110000e+01   2.0160000e+03   8.0000000e+00   2.1000000e+01   2.7000000e+00   2.0000000e+00   1.6000000e+01   2.2000000e+01   1.4000000e+01
   1.9830000e+01   4.0110000e+01   2.0160000e+03   8.0000000e+00   2.2000000e+01   2.9000000e+00   2.0000000e+00   1.2000000e+01   7.0000000e+00   4.7200000e+01
   1.8750000e+01   4.2220000e+01   2.0160000e+03   8.0000000e+00   2.2000000e+01   3.3000000e+00   2.0000000e+00   1.3000000e+01   5.6000000e+01   5.6400000e+01
   1.3250000e+01   4.2530000e+01   2.0160000e+03   8.0000000e+00   2.2000000e+01   2.2000000e+00   1.1000000e+01   2.1000000e+01   3.6000000e+01   1.4500000e+01
   1.6190000e+01   4.1960000e+01   2.0160000e+03   8.0000000e+00   2.3000000e+01   2.7000000e+00   2.9000000e+01   2.3000000e+01   1.4000000e+01   7.4000000e+00
   1.3840000e+01   3.8690000e+01   2.0160000e+03   8.0000000e+00   2.4000000e+01   2.8000000e+00   4.0000000e+00   0.0000000e+00   5.1000000e+01   4.1300000e+01
