   2.0150000e+03   1.2000000e+01   2.9000000e+01   5.0000000e+00   5.9000000e+01   1.1500000e+01   3.0000000e+00  -2.7981000e+00   2.0000000e+00
   2.0160000e+03   1.0000000e+00   3.0000000e+00   1.6000000e+01   3.5500000e+01   2.9500000e+01   3.0000000e+00   1.5561660e+01   3.0000000e+00
   2.0160000e+03   1.0000000e+00   3.0000000e+00   1.6000000e+01   3.6000000e+01   5.5000000e+00   1.0000000e+00   1.4130726e+01   1.0000000e+00
   2.0160000e+03   1.0000000e+00   4.0000000e+00   1.9000000e+01   5.5500000e+01   2.9500000e+01   2.0000000e+00   5.3434624e+00   4.0000000e+00
   2.0160000e+03   1.0000000e+00   5.0000000e+00   4.0000000e+00   5.2000000e+01   5.8500000e+01   3.0000000e+00   4.3819150e+00   4.0000000e+00
   2.0160000e+03   1.0000000e+00   5.0000000e+00   4.0000000e+00   5.3000000e+01   3.5000000e+00   1.0000000e+00   2.9498070e+00   3.0000000e+00
   2.0160000e+03   1.0000000e+00   8.0000000e+00   3.0000000e+00   4.0000000e+00   2.2500000e+01   1.0000000e+00   2.6177300e+01   4.0000000e+00
   2.0160000e+03   1.0000000e+00   1.0000000e+01   1.7000000e+01   3.0000000e+00   6.5000000e+00   3.0000000e+00  -6.8652000e-01   3.0000000e+00
   2.0160000e+03   1.0000000e+00   1.0000000e+01   1.7000000e+01   3.0000000e+00   1.2500000e+01   1.0000000e+00  -2.1157348e+00   3.0000000e+00
   2.0160000e+03   1.0000000e+00   1.0000000e+01   1.8000000e+01   6.0000000e+00   5.6500000e+01   2.0000000e+00   2.4994931e+01   3.0000000e+00
   2.0160000e+03   1.0000000e+00   1.0000000e+01   1.9000000e+01   4.1000000e+01   4.4500000e+01   2.0000000e+00   1.2140819e+00   5.0000000e+00
   2.0160000e+03   1.0000000e+00   1.2000000e+01   1.5000000e+01   5.0000000e+01   3.5500000e+01   3.0000000e+00   1.4814660e+01   4.0000000e+00
   2.0160000e+03   1.0000000e+00   1.2000000e+01   1.5000000e+01   5.0000000e+01   4.0500000e+01   1.0000000e+00   1.3384505e+01   3.0000000e+00
   2.0160000e+03   1.0000000e+00   1.2000000e+01   1.7000000e+01   3.0000000e+01   3.4500000e+01   2.0000000e+00   3.1550330e+01   3.0000000e+00
   2.0160000e+03   1.0000000e+00   1.5000000e+01   1.9000000e+01   4.5000000e+01   3.5500000e+01   2.0000000e+00  -6.1771922e+00   1.0000000e+00
   2.0160000e+03   1.0000000e+00   1.6000000e+01   4.0000000e+00   2.8000000e+01   2.8500000e+01   3.0000000e+00  -4.3100050e+00   5.0000000e+00
   2.0160000e+03   1.0000000e+00   1.9000000e+01   1.8000000e+01   3.2000000e+01   4.7500000e+01   2.0000000e+00   6.9457136e+00   2.0000000e+00
   2.0160000e+03   1.0000000e+00   2.6000000e+01   1.0000000e+00   3.2000000e+01   2.1500000e+01   3.0000000e+00   2.6396445e+01   4.0000000e+00
   2.0160000e+03   1.0000000e+00   2.6000000e+01   1.5000000e+01   1.0000000e+01   7.5000000e+00   1.0000000e+00   4.6760428e+00   1.0000000e+00
   2.0160000e+03   1.0000000e+00   2.9000000e+01   2.0000000e+00   5.0000000e+01   2.9500000e+01   1.0000000e+00   1.3399105e+00   2.0000000e+00
   2.0160000e+03   2.0000000e+00   1.0000000e+00   1.7000000e+01   4.5000000e+01   3.3500000e+01   2.0000000e+00   2.0924425e+00   3.0000000e+00
   2.0160000e+03   2.0000000e+00   2.0000000e+00   1.5000000e+01   5.2000000e+01   3.2500000e+01   2.0000000e+00   2.9162466e+01   5.0000000e+00
   2.0160000e+03   2.0000000e+00   5.0000000e+00   1.3000000e+01   4.6000000e+01   5.5500000e+01   1.0000000e+00   1.2070712e+01   5.0000000e+00
   2.0160000e+03   2.0000000e+00   5.0000000e+00   1.6000000e+01   3.2000000e+01   3.7500000e+01   2.0000000e+00   1.5252306e+01   2.0000000e+00
   2.0160000e+03   2.0000000e+00   6.0000000e+00   1.7000000e+01   4.9000000e+01   1.0500000e+01   2.0000000e+00  -5.2367103e+00   5.0000000e+00
   2.0160000e+03   2.0000000e+00   1.3000000e+01   1.3000000e+01   3.5000000e+01   4.9500000e+01   3.0000000e+00   5.4757200e+00   4.0000000e+00
   2.0160000e+03   2.0000000e+00   1.3000000e+01   1.3000000e+01   3.5000000e+01   5.3500000e+01   1.0000000e+00   4.0463417e+00   4.0000000e+00
   2.0160000e+03   2.0000000e+00   1.4000000e+01   0.0000000e+00   5.5000000e+01   1.6500000e+01   3.0000000e+00   1.0084110e+01   1.0000000e+00
   2.0160000e+03   2.0000000e+00   1.5000000e+01   1.2000000e+01   2.2000000e+01   4.7500000e+01   3.0000000e+00   2.1105390e+01   4.0000000e+00
   2.0160000e+03   2.0000000e+00   1.5000000e+01   1.2000000e+01   2.2000000e+01   5.1500000e+01   1.0000000e+00   1.9675950e+01   4.0000000e+00
   2.0160000e+03   2.0000000e+00   1.5000000e+01   1.5000000e+01   4.0000000e+00   5.1000000e+01   2.0000000e+00   2.4425785e+01   2.0000000e+00
   2.0160000e+03   2.0000000e+00   1.5000000e+01   1.6000000e+01   3.9000000e+01   3.7500000e+01   2.0000000e+00   6.4602925e-01   3.0000000e+00
   2.0160000e+03   2.0000000e+00   2.8000000e+01   1.2000000e+01   1.5000000e+01   5.5000000e+00   1.0000000e+00   4.0983120e+00   2.0000000e+00
   2.0160000e+03   3.0000000e+00   1.0000000e+00   1.3000000e+01   3.9000000e+01   5.5500000e+01   2.0000000e+00   2.6460665e+01   4.0000000e+00
   2.0160000e+03   3.0000000e+00   2.0000000e+00   1.0000000e+01   2.5000000e+01   5.5000000e+00   3.0000000e+00   2.9062560e+01   1.0000000e+00
   2.0160000e+03   3.0000000e+00   2.0000000e+00   1.3000000e+01   2.1000000e+01   3.6500000e+01   2.0000000e+00   2.9772532e+01   1.0000000e+00
   2.0160000e+03   3.0000000e+00   2.0000000e+00   1.4000000e+01   5.6000000e+01   2.3500000e+01   2.0000000e+00   5.9935981e+00   1.0000000e+00
   2.0160000e+03   3.0000000e+00   3.0000000e+00   1.1000000e+01   2.2000000e+01   6.5000000e+00   1.0000000e+00   1.2000813e+01   1.0000000e+00
   2.0160000e+03   3.0000000e+00   3.0000000e+00   1.4000000e+01   3.8000000e+01   4.5000000e+00   2.0000000e+00   9.3057317e+00   1.0000000e+00
   2.0160000e+03   3.0000000e+00   5.0000000e+00   1.0000000e+00   4.8000000e+01   1.5000000e+00   2.0000000e+00   1.5786776e+01   2.0000000e+00
   2.0160000e+03   3.0000000e+00   1.2000000e+01   1.3000000e+01   2.7000000e+01   4.9500000e+01   2.0000000e+00   1.5371141e+01   1.0000000e+00
   2.0160000e+03   3.0000000e+00   1.2000000e+01   2.3000000e+01   2.5000000e+01   2.8500000e+01   1.0000000e+00  -6.5438360e+00   3.0000000e+00
   2.0160000e+03   3.0000000e+00   1.4000000e+01   1.0000000e+01   5.2000000e+01   3.4500000e+01   3.0000000e+00   5.9906800e+00   1.0000000e+00
   2.0160000e+03   3.0000000e+00   1.4000000e+01   1.0000000e+01   5.2000000e+01   3.8500000e+01   1.0000000e+00   4.5617244e+00   2.0000000e+00
   2.0160000e+03   3.0000000e+00   1.8000000e+01   9.0000000e+00   5.9000000e+01   6.5000000e+00   3.0000000e+00   1.4012310e+01   1.0000000e+00
   2.0160000e+03   3.0000000e+00   2.3000000e+01   1.9000000e+01   4.8000000e+01   7.5000000e+00   1.0000000e+00   3.3163104e+01   3.0000000e+00
   2.0160000e+03   3.0000000e+00   2.4000000e+01   1.2000000e+01   5.6000000e+01   5.4500000e+01   2.0000000e+00   7.7137102e+00   1.0000000e+00
   2.0160000e+03   3.0000000e+00   2.5000000e+01   8.0000000e+00   4.8000000e+01   4.0500000e+01   3.0000000e+00   2.2247470e+01   1.0000000e+00
   2.0160000e+03   3.0000000e+00   2.5000000e+01   8.0000000e+00   4.8000000e+01   4.3500000e+01   1.0000000e+00   2.0821353e+01   1.0000000e+00
   2.0160000e+03   3.0000000e+00   2.7000000e+01   1.3000000e+01   3.6000000e+01   3.1500000e+01   2.0000000e+00  -6.0757333e+00   3.0000000e+00
   2.0160000e+03   3.0000000e+00   2.7000000e+01   2.0000000e+01   2.7000000e+01   5.4500000e+01   3.0000000e+00   1.9189560e+01   4.0000000e+00
   2.0160000e+03   3.0000000e+00   2.8000000e+01   8.0000000e+00   3.1000000e+01   4.6500000e+01   3.0000000e+00   2.2439850e+01   4.0000000e+00
   2.0160000e+03   3.0000000e+00   2.8000000e+01   8.0000000e+00   3.1000000e+01   5.0500000e+01   1.0000000e+00   2.1015658e+01   4.0000000e+00
   2.0160000e+03   3.0000000e+00   2.8000000e+01   1.0000000e+01   5.0000000e+00   1.9500000e+01   3.0000000e+00  -1.0332400e+00   1.0000000e+00
   2.0160000e+03   3.0000000e+00   2.8000000e+01   1.0000000e+01   5.0000000e+00   2.3500000e+01   1.0000000e+00  -2.4573804e+00   3.0000000e+00
   2.0160000e+03   3.0000000e+00   2.8000000e+01   1.1000000e+01   4.3000000e+01   2.1500000e+01   2.0000000e+00   2.1031924e+01   4.0000000e+00
   2.0160000e+03   3.0000000e+00   2.8000000e+01   1.3000000e+01   1.8000000e+01   8.5000000e+00   2.0000000e+00  -2.7452555e+00   4.0000000e+00
   2.0160000e+03   3.0000000e+00   2.9000000e+01   7.0000000e+00   5.4000000e+01   5.7500000e+01   3.0000000e+00   3.0332010e+01   3.0000000e+00
   2.0160000e+03   3.0000000e+00   2.9000000e+01   7.0000000e+00   5.5000000e+01   5.0000000e-01   1.0000000e+00   2.8906530e+01   3.0000000e+00
   2.0160000e+03   3.0000000e+00   3.0000000e+01   8.0000000e+00   5.1000000e+01   4.0500000e+01   3.0000000e+00   1.4750290e+01   1.0000000e+00
   2.0160000e+03   3.0000000e+00   3.0000000e+01   8.0000000e+00   5.1000000e+01   4.4500000e+01   1.0000000e+00   1.3326481e+01   2.0000000e+00
   2.0160000e+03   4.0000000e+00   1.0000000e+00   2.0000000e+01   3.0000000e+01   5.1500000e+01   3.0000000e+00   1.1707010e+01   5.0000000e+00
   2.0160000e+03   4.0000000e+00   1.0000000e+00   2.0000000e+01   3.0000000e+01   5.4500000e+01   1.0000000e+00   1.0281935e+01   4.0000000e+00
   2.0160000e+03   4.0000000e+00   4.0000000e+00   2.0000000e+01   1.3000000e+01   5.1500000e+01   3.0000000e+00   1.1925110e+01   4.0000000e+00
   2.0160000e+03   4.0000000e+00   1.0000000e+01   1.9000000e+01   3.9000000e+01   4.7500000e+01   1.0000000e+00   1.0966504e+01   2.0000000e+00
   2.0160000e+03   4.0000000e+00   1.1000000e+01   1.9000000e+01   2.0000000e+00   5.4500000e+01   1.0000000e+00   1.8871752e+01   3.0000000e+00
   2.0160000e+03   4.0000000e+00   1.1000000e+01   2.0000000e+01   3.6000000e+01   2.3500000e+01   3.0000000e+00  -3.1752450e+00   3.0000000e+00
   2.0160000e+03   4.0000000e+00   1.1000000e+01   2.0000000e+01   3.6000000e+01   2.7500000e+01   1.0000000e+00  -4.6000612e+00   4.0000000e+00
   2.0160000e+03   4.0000000e+00   1.5000000e+01   1.8000000e+01   8.0000000e+00   5.2500000e+01   1.0000000e+00   2.7037854e+01   5.0000000e+00
   2.0160000e+03   4.0000000e+00   1.5000000e+01   2.2000000e+01   2.4000000e+01   3.1500000e+01   2.0000000e+00   1.2919796e+01   1.0000000e+00
   2.0160000e+03   4.0000000e+00   2.4000000e+01   2.2000000e+01   4.8000000e+01   7.5000000e+00   2.0000000e+00  -4.5579776e+00   1.0000000e+00
   2.0160000e+03   4.0000000e+00   2.6000000e+01   1.9000000e+01   1.0000000e+01   1.9500000e+01   1.0000000e+00  -3.2269632e+00   1.0000000e+00
   2.0160000e+03   4.0000000e+00   3.0000000e+01   1.6000000e+01   4.2000000e+01   2.8500000e+01   1.0000000e+00   2.8471697e+01   3.0000000e+00
   2.0160000e+03   4.0000000e+00   3.0000000e+01   2.0000000e+01   5.7000000e+01   2.6500000e+01   2.0000000e+00   1.5507119e+01   3.0000000e+00
   2.0160000e+03   5.0000000e+00   3.0000000e+00   1.7000000e+01   5.8000000e+01   3.2500000e+01   3.0000000e+00   6.7488000e+00   3.0000000e+00
   2.0160000e+03   5.0000000e+00   4.0000000e+00   1.7000000e+01   2.1000000e+01   3.2500000e+01   3.0000000e+00   1.4679925e+01   5.0000000e+00
   2.0160000e+03   5.0000000e+00   5.0000000e+00   1.8000000e+01   1.8000000e+01   5.5000000e+00   3.0000000e+00  -8.5655000e-01   3.0000000e+00
   2.0160000e+03   5.0000000e+00   5.0000000e+00   1.8000000e+01   1.8000000e+01   1.0500000e+01   1.0000000e+00  -2.2889838e+00   4.0000000e+00
   2.0160000e+03   5.0000000e+00   1.8000000e+01   1.6000000e+01   3.0000000e+01   4.7500000e+01   3.0000000e+00   8.5237400e+00   4.0000000e+00
   2.0160000e+03   5.0000000e+00   1.8000000e+01   1.6000000e+01   3.0000000e+01   5.3500000e+01   1.0000000e+00   7.0873518e+00   5.0000000e+00
   2.0160000e+03   5.0000000e+00   1.9000000e+01   1.9000000e+01   5.0000000e+01   4.6500000e+01   2.0000000e+00   7.8266480e+00   3.0000000e+00
   2.0160000e+03   5.0000000e+00   2.0000000e+01   3.0000000e+00   5.7000000e+01   3.3500000e+01   1.0000000e+00   1.8328478e+01   1.0000000e+00
   2.0160000e+03   5.0000000e+00   2.2000000e+01   2.0000000e+01   3.0000000e+01   4.5000000e+00   2.0000000e+00  -5.8882079e+00   1.0000000e+00
   2.0160000e+03   5.0000000e+00   2.3000000e+01   1.8000000e+01   3.6000000e+01   4.9500000e+01   2.0000000e+00   2.1243026e+01   4.0000000e+00
   2.0160000e+03   5.0000000e+00   2.5000000e+01   1.5000000e+01   1.8000000e+01   2.2500000e+01   1.0000000e+00   1.5832895e+01   5.0000000e+00
   2.0160000e+03   5.0000000e+00   2.8000000e+01   1.5000000e+01   0.0000000e+00   3.0500000e+01   3.0000000e+00   1.7683525e+01   1.0000000e+00
   2.0160000e+03   6.0000000e+00   1.0000000e+00   2.0000000e+00   4.6000000e+01   2.4500000e+01   3.0000000e+00   2.1397765e+01   2.0000000e+00
   2.0160000e+03   6.0000000e+00   2.0000000e+00   1.5000000e+01   2.0000000e+00   5.5000000e+00   1.0000000e+00   9.1240973e+00   5.0000000e+00
   2.0160000e+03   6.0000000e+00   8.0000000e+00   1.8000000e+01   2.5000000e+01   3.5000000e+00   2.0000000e+00   3.6359340e+00   5.0000000e+00
   2.0160000e+03   6.0000000e+00   1.5000000e+01   4.0000000e+00   4.7000000e+01   1.5500000e+01   2.0000000e+00   2.3972879e+01   3.0000000e+00
   2.0160000e+03   6.0000000e+00   1.5000000e+01   1.7000000e+01   5.0000000e+01   1.2500000e+01   2.0000000e+00   3.3884564e+00   2.0000000e+00
   2.0160000e+03   6.0000000e+00   1.6000000e+01   2.0000000e+00   5.0000000e+01   1.8500000e+01   3.0000000e+00   1.7399500e-01   1.0000000e+00
   2.0160000e+03   6.0000000e+00   1.8000000e+01   1.0000000e+00   3.5000000e+01   5.6500000e+01   3.0000000e+00   1.6134860e+01   1.0000000e+00
   2.0160000e+03   6.0000000e+00   1.8000000e+01   5.0000000e+00   2.6000000e+01   2.7500000e+01   2.0000000e+00   1.0286873e+01   2.0000000e+00
   2.0160000e+03   6.0000000e+00   1.8000000e+01   1.6000000e+01   5.4000000e+01   3.8500000e+01   2.0000000e+00   1.3475015e+01   5.0000000e+00
   2.0160000e+03   6.0000000e+00   2.0000000e+01   6.0000000e+00   2.4000000e+01   1.0500000e+01   2.0000000e+00  -6.7627781e+00   1.0000000e+00
   2.0160000e+03   6.0000000e+00   2.0000000e+01   1.7000000e+01   5.2000000e+01   2.1500000e+01   2.0000000e+00  -3.5747829e+00   5.0000000e+00
   2.0160000e+03   6.0000000e+00   2.2000000e+01   2.0000000e+00   1.4000000e+01   1.3500000e+01   3.0000000e+00   1.1332450e+00   2.0000000e+00
   2.0160000e+03   6.0000000e+00   2.2000000e+01   5.0000000e+00   4.7000000e+01   6.5000000e+00   2.0000000e+00  -3.6424700e-02   4.0000000e+00
   2.0160000e+03   6.0000000e+00   2.2000000e+01   5.0000000e+00   4.7000000e+01   6.5000000e+00   2.0000000e+00  -3.6424500e-02   4.0000000e+00
   2.0160000e+03   6.0000000e+00   3.0000000e+01   3.0000000e+00   1.8000000e+01   5.1500000e+01   2.0000000e+00   2.6883168e+01   4.0000000e+00
   2.0160000e+03   7.0000000e+00   9.0000000e+00   2.2000000e+01   5.1000000e+01   4.8500000e+01   3.0000000e+00   2.7636890e+01   2.0000000e+00
   2.0160000e+03   7.0000000e+00   1.3000000e+01   9.0000000e+00   5.2000000e+01   4.6500000e+01   1.0000000e+00   3.1424729e+01   1.0000000e+00
   2.0160000e+03   7.0000000e+00   2.9000000e+01   1.2000000e+01   8.0000000e+00   4.5000000e+00   2.0000000e+00   3.2701214e+01   5.0000000e+00
   2.0160000e+03   7.0000000e+00   3.0000000e+01   1.3000000e+01   2.4000000e+01   1.6500000e+01   2.0000000e+00   1.2301108e+01   3.0000000e+00
   2.0160000e+03   8.0000000e+00   1.0000000e+00   1.0000000e+01   3.2000000e+01   1.2000000e+01   1.0000000e+00  -4.1143893e+00   1.0000000e+00
   2.0160000e+03   8.0000000e+00   1.1000000e+01   8.0000000e+00   5.9000000e+01   2.3500000e+01   1.0000000e+00   5.6886287e+00   4.0000000e+00
   2.0160000e+03   8.0000000e+00   1.4000000e+01   1.1000000e+01   5.5000000e+01   8.5000000e+00   2.0000000e+00   1.5401439e+01   5.0000000e+00
   2.0160000e+03   8.0000000e+00   1.8000000e+01   2.1000000e+01   2.1000000e+01   5.3500000e+01   3.0000000e+00  -3.7639850e+00   1.0000000e+00
   2.0160000e+03   8.0000000e+00   1.8000000e+01   2.1000000e+01   2.1000000e+01   5.6500000e+01   1.0000000e+00  -5.1908503e+00   2.0000000e+00
   2.0160000e+03   8.0000000e+00   1.9000000e+01   2.0000000e+01   4.4000000e+01   3.3500000e+01   1.0000000e+00   2.8393122e+00   3.0000000e+00
